***Attribute 0 distributions for all classes
0.6572769953051644 0.3427230046948357 
0.8842105263157894 0.11578947368421053 
0.6591865357643759 0.34081346423562414 
0.9 0.1 
***Attribute 1 distributions for all classes
0.8262910798122066 0.17370892018779344 
0.9105263157894737 0.08947368421052632 
0.5904628330995793 0.40953716690042075 
0.9888888888888889 0.011111111111111112 
***Attribute 2 distributions for all classes
0.5164319248826291 0.4835680751173709 
0.7157894736842105 0.28421052631578947 
0.44600280504908835 0.5539971949509116 
0.9666666666666667 0.03333333333333333 
***Attribute 3 distributions for all classes
0.3953488372093023 0.4604651162790698 0.13488372093023257 0.009302325581395349 
0.03125 0.19270833333333334 0.7552083333333334 0.020833333333333332 
0.40559440559440557 0.3328671328671329 0.2083916083916084 0.05314685314685315 
0.13043478260869565 0.8260869565217391 0.021739130434782608 0.021739130434782608 
***Attribute 4 distributions for all classes
0.06018518518518518 0.4722222222222222 0.36574074074074076 0.09722222222222222 0.004629629629629629 
0.0051813471502590676 0.06217616580310881 0.37823834196891193 0.5284974093264249 0.025906735751295335 
0.11312849162011174 0.4022346368715084 0.2877094972067039 0.15502793296089384 0.04189944134078212 
0.043010752688172046 0.7634408602150538 0.16129032258064516 0.021505376344086023 0.010752688172043012 
***Attribute 5 distributions for all classes
0.7616822429906542 0.2336448598130841 0.004672897196261682 
0.5654450261780105 0.42408376963350786 0.010471204188481676 
0.7941176470588235 0.20028011204481794 0.0056022408963585435 
0.21978021978021978 0.6153846153846154 0.16483516483516483 
***Attribute 6 distributions for all classes
0.4672897196261682 0.3878504672897196 0.14485981308411214 
0.5706806282722513 0.2513089005235602 0.17801047120418848 
0.6456582633053222 0.28851540616246496 0.06582633053221289 
0.10989010989010989 0.3956043956043956 0.4945054945054945 
***Attribute 7 distributions for all classes
0.205607476635514 0.5373831775700935 0.2570093457943925 
0.06806282722513089 0.518324607329843 0.41361256544502617 
0.25910364145658266 0.5504201680672269 0.19047619047619047 
0.01098901098901099 0.0989010989010989 0.8901098901098901 
***Attribute 8 distributions for all classes
0.32242990654205606 0.5700934579439252 0.10747663551401869 
0.45549738219895286 0.5078534031413613 0.03664921465968586 
0.5140056022408963 0.38095238095238093 0.10504201680672269 
0.0989010989010989 0.32967032967032966 0.5714285714285714 
***Attribute 9 distributions for all classes
0.3925233644859813 0.5560747663551402 0.0514018691588785 
0.16753926701570682 0.7958115183246073 0.03664921465968586 
0.5042016806722689 0.4803921568627451 0.015406162464985995 
0.03296703296703297 0.15384615384615385 0.8131868131868132 
***Attribute 10 distributions for all classes
0.04205607476635514 0.6542056074766355 0.3037383177570093 
0.08900523560209424 0.675392670157068 0.2356020942408377 
0.015406162464985995 0.38795518207282914 0.5966386554621849 
0.7582417582417582 0.21978021978021978 0.02197802197802198 
***Attribute 11 distributions for all classes
0.11267605633802817 0.8873239436619719 
0.7368421052631579 0.2631578947368421 
0.09817671809256662 0.9018232819074333 
0.7666666666666667 0.23333333333333334 
***Attribute 12 distributions for all classes
0.20093457943925233 0.35514018691588783 0.4439252336448598 
0.5130890052356021 0.41361256544502617 0.07329842931937172 
0.17647058823529413 0.4005602240896359 0.42296918767507 
0.6703296703296703 0.26373626373626374 0.06593406593406594 
***Attribute 13 distributions for all classes
0.23255813953488372 0.3023255813953488 0.3767441860465116 0.08837209302325581 
0.0625 0.2916666666666667 0.5364583333333334 0.109375 
0.4153846153846154 0.3104895104895105 0.2545454545454545 0.019580419580419582 
0.021739130434782608 0.043478260869565216 0.3695652173913043 0.5652173913043478 
***Attribute 14 distributions for all classes
0.49065420560747663 0.37383177570093457 0.13551401869158877 
0.774869109947644 0.20418848167539266 0.020942408376963352 
0.25210084033613445 0.4733893557422969 0.27450980392156865 
0.7582417582417582 0.23076923076923078 0.01098901098901099 
***Attribute 15 distributions for all classes
0.6948356807511737 0.3051643192488263 
0.9526315789473684 0.04736842105263158 
0.9481065918653576 0.051893408134642355 
0.9888888888888889 0.011111111111111112 
***Attribute 16 distributions for all classes
0.9812206572769953 0.018779342723004695 
0.968421052631579 0.031578947368421054 
0.729312762973352 0.270687237026648 
0.9888888888888889 0.011111111111111112 
***Attribute 17 distributions for all classes
0.7746478873239436 0.22535211267605634 
0.2578947368421053 0.7421052631578947 
0.9214586255259467 0.0785413744740533 
0.9333333333333333 0.06666666666666667 
***Attribute 18 distributions for all classes
0.9624413145539906 0.03755868544600939 
0.9789473684210527 0.021052631578947368 
0.9943899018232819 0.005610098176718092 
0.23333333333333334 0.7666666666666667 
***Attribute 19 distributions for all classes
0.5668202764976958 0.391705069124424 0.004608294930875576 0.009216589861751152 0.02304147465437788 0.004608294930875576 
0.6288659793814433 0.06701030927835051 0.010309278350515464 0.25257731958762886 0.03608247422680412 0.005154639175257732 
0.5230125523012552 0.08786610878661087 0.002789400278940028 0.005578800557880056 0.3793584379358438 0.001394700139470014 
0.5106382978723404 0.02127659574468085 0.3829787234042553 0.02127659574468085 0.02127659574468085 0.0425531914893617 