***Attribute 0 distributions for all classes
0.1 0.9 
0.14492753623188406 0.855072463768116 
0.04878048780487805 0.9512195121951219 
0.46511627906976744 0.5348837209302325 
0.09223300970873786 0.9077669902912622 
***Attribute 1 distributions for all classes
0.5081967213114754 0.45901639344262296 0.03278688524590164 
0.44285714285714284 0.45714285714285713 0.1 
0.12903225806451613 0.5080645161290323 0.3629032258064516 
0.8636363636363636 0.11363636363636363 0.022727272727272728 
0.5555555555555556 0.37681159420289856 0.06763285024154589 
***Attribute 2 distributions for all classes
0.3114754098360656 0.639344262295082 0.04918032786885246 
0.2 0.7714285714285715 0.02857142857142857 
0.5241935483870968 0.4596774193548387 0.016129032258064516 
0.06818181818181818 0.29545454545454547 0.6363636363636364 
0.0966183574879227 0.8743961352657005 0.028985507246376812 
***Attribute 3 distributions for all classes
0.08196721311475409 0.8852459016393442 0.03278688524590164 
0.1 0.4 0.5 
0.1774193548387097 0.7016129032258065 0.12096774193548387 
0.1590909090909091 0.7954545454545454 0.045454545454545456 
0.4492753623188406 0.34782608695652173 0.2028985507246377 
***Attribute 4 distributions for all classes
0.8333333333333334 0.16666666666666666 
0.3188405797101449 0.6811594202898551 
0.8455284552845529 0.15447154471544716 
0.3023255813953488 0.6976744186046512 
0.5436893203883495 0.4563106796116505 
***Attribute 5 distributions for all classes
0.01639344262295082 0.9180327868852459 0.06557377049180328 
0.05714285714285714 0.8571428571428571 0.08571428571428572 
0.008064516129032258 0.5967741935483871 0.3951612903225806 
0.22727272727272727 0.7272727272727273 0.045454545454545456 
0.014492753623188406 0.8067632850241546 0.178743961352657 
***Attribute 6 distributions for all classes
0.01639344262295082 0.7540983606557377 0.22950819672131148 
0.014285714285714285 0.12857142857142856 0.8571428571428571 
0.16129032258064516 0.4435483870967742 0.3951612903225806 
0.045454545454545456 0.75 0.20454545454545456 
0.00966183574879227 0.11594202898550725 0.8743961352657005 
***Attribute 7 distributions for all classes
0.9833333333333333 0.016666666666666666 
0.9420289855072463 0.057971014492753624 
0.9186991869918699 0.08130081300813008 
0.5813953488372093 0.4186046511627907 
0.9805825242718447 0.019417475728155338 
***Attribute 8 distributions for all classes
0.23333333333333334 0.7666666666666667 
0.10144927536231885 0.8985507246376812 
0.0975609756097561 0.9024390243902439 
0.11627906976744186 0.8837209302325582 
0.45145631067961167 0.5485436893203883 
***Attribute 9 distributions for all classes
0.04918032786885246 0.11475409836065574 0.8360655737704918 
0.3142857142857143 0.5571428571428572 0.12857142857142856 
0.0967741935483871 0.12903225806451613 0.7741935483870968 
0.2727272727272727 0.2727272727272727 0.45454545454545453 
0.6231884057971014 0.2028985507246377 0.17391304347826086 
***Attribute 10 distributions for all classes
0.43333333333333335 0.5666666666666667 
0.8695652173913043 0.13043478260869565 
0.34146341463414637 0.6585365853658537 
0.8372093023255814 0.16279069767441862 
0.8592233009708737 0.1407766990291262 
***Attribute 11 distributions for all classes
0.9516129032258065 0.016129032258064516 0.016129032258064516 0.016129032258064516 
0.9436619718309859 0.014084507042253521 0.014084507042253521 0.028169014084507043 
0.872 0.112 0.0080 0.0080 
0.7555555555555555 0.1111111111111111 0.1111111111111111 0.022222222222222223 
0.9855769230769231 0.004807692307692308 0.004807692307692308 0.004807692307692308 
***Attribute 12 distributions for all classes
0.01639344262295082 0.4426229508196721 0.5409836065573771 
0.014285714285714285 0.21428571428571427 0.7714285714285715 
0.008064516129032258 0.1774193548387097 0.8145161290322581 
0.3181818181818182 0.4318181818181818 0.25 
0.03864734299516908 0.3285024154589372 0.6328502415458938 
***Attribute 13 distributions for all classes
0.01639344262295082 0.18032786885245902 0.8032786885245902 
0.014285714285714285 0.14285714285714285 0.8428571428571429 
0.12903225806451613 0.3790322580645161 0.49193548387096775 
0.022727272727272728 0.06818181818181818 0.9090909090909091 
0.004830917874396135 0.2753623188405797 0.7198067632850241 
***Attribute 14 distributions for all classes
0.01639344262295082 0.18032786885245902 0.8032786885245902 
0.014285714285714285 0.07142857142857142 0.9142857142857143 
0.008064516129032258 0.0967741935483871 0.8951612903225806 
0.22727272727272727 0.4772727272727273 0.29545454545454547 
0.004830917874396135 0.178743961352657 0.8164251207729468 
***Attribute 15 distributions for all classes
0.18333333333333332 0.8166666666666667 
0.5797101449275363 0.42028985507246375 
0.4065040650406504 0.5934959349593496 
0.2558139534883721 0.7441860465116279 
0.6601941747572816 0.33980582524271846 
***Attribute 16 distributions for all classes
0.01639344262295082 0.7377049180327869 0.2459016393442623 
0.04285714285714286 0.44285714285714284 0.5142857142857142 
0.1693548387096774 0.49193548387096775 0.3387096774193548 
0.022727272727272728 0.9090909090909091 0.06818181818181818 
0.00966183574879227 0.6135265700483091 0.37681159420289856 
***Attribute 17 distributions for all classes
0.873015873015873 0.015873015873015872 0.031746031746031744 0.06349206349206349 0.015873015873015872 
0.8333333333333334 0.05555555555555555 0.05555555555555555 0.041666666666666664 0.013888888888888888 
0.24603174603174602 0.07936507936507936 0.2619047619047619 0.40476190476190477 0.007936507936507936 
0.8043478260869565 0.021739130434782608 0.06521739130434782 0.021739130434782608 0.08695652173913043 
0.7559808612440191 0.14354066985645933 0.09090909090909091 0.004784688995215311 0.004784688995215311 
***Attribute 18 distributions for all classes
0.6 0.4 
0.9130434782608695 0.08695652173913043 
0.983739837398374 0.016260162601626018 
0.9767441860465116 0.023255813953488372 
0.8980582524271845 0.10194174757281553 
***Attribute 19 distributions for all classes
0.9833333333333333 0.016666666666666666 
0.9855072463768116 0.014492753623188406 
0.3902439024390244 0.6097560975609756 
0.9767441860465116 0.023255813953488372 
0.970873786407767 0.02912621359223301 