***Attribute 0 distributions for all classes
0.029345372460496615 0.16478555304740405 0.38826185101580135 0.417607223476298 
0.046875 0.3125 0.4895833333333333 0.15104166666666666 
0.023076923076923078 0.1547008547008547 0.4076923076923077 0.41452991452991456 
0.22896039603960397 0.4368811881188119 0.20544554455445543 0.12871287128712872 
***Attribute 1 distributions for all classes
0.006741573033707865 0.04044943820224719 0.2 0.4696629213483146 0.17303370786516853 0.1101123595505618 
0.005154639175257732 0.12371134020618557 0.3711340206185567 0.38144329896907214 0.10309278350515463 0.015463917525773196 
0.0017064846416382253 0.01962457337883959 0.09982935153583618 0.25170648464163825 0.2508532423208191 0.37627986348122866 
0.15308641975308643 0.25925925925925924 0.30493827160493825 0.20493827160493827 0.06049382716049383 0.01728395061728395 
***Attribute 2 distributions for all classes
0.6839729119638827 0.22121896162528218 0.05869074492099323 0.03611738148984198 
0.15104166666666666 0.1875 0.19791666666666666 0.4635416666666667 
0.7051282051282052 0.18376068376068377 0.07521367521367521 0.035897435897435895 
0.15965346534653466 0.15594059405940594 0.28094059405940597 0.4034653465346535 
***Attribute 3 distributions for all classes
0.4898419864559819 0.48081264108352145 0.02708803611738149 0.002257336343115124 
0.10416666666666667 0.8072916666666666 0.06770833333333333 0.020833333333333332 
0.5136752136752136 0.45042735042735044 0.029914529914529916 0.005982905982905983 
0.06683168316831684 0.12252475247524752 0.12376237623762376 0.6868811881188119 
***Attribute 4 distributions for all classes
0.15090090090090091 0.6238738738738738 0.12612612612612611 0.09234234234234234 0.006756756756756757 
0.015544041450777202 0.15544041450777202 0.27979274611398963 0.533678756476684 0.015544041450777202 
0.14773697694278395 0.5815542271562767 0.11870196413321947 0.10589239965841162 0.04611443210930828 
0.06551297898640297 0.8380716934487021 0.06798516687268233 0.027194066749072928 0.0012360939431396785 
***Attribute 5 distributions for all classes
0.1554054054054054 0.5247747747747747 0.28153153153153154 0.036036036036036036 0.0022522522522522522 
0.015544041450777202 0.13989637305699482 0.5906735751295337 0.24870466321243523 0.0051813471502590676 
0.09649871904355252 0.3074295473953886 0.4022203245089667 0.17591801878736124 0.017933390264730998 
0.28059332509270707 0.3016069221260816 0.2484548825710754 0.1681087762669963 0.0012360939431396785 
***Attribute 6 distributions for all classes
0.7900677200902935 0.16930022573363432 0.03160270880361174 0.009029345372460496 
0.578125 0.3333333333333333 0.078125 0.010416666666666666 
0.8213675213675213 0.14273504273504273 0.03162393162393162 0.004273504273504274 
0.36386138613861385 0.3032178217821782 0.18564356435643564 0.14727722772277227 
***Attribute 7 distributions for all classes
0.6213151927437641 0.3786848072562358 
0.5052631578947369 0.49473684210526314 
0.6618150684931506 0.3381849315068493 
0.3027295285359802 0.6972704714640199 
***Attribute 8 distributions for all classes
0.9027149321266968 0.06787330316742081 0.029411764705882353 
0.9581151832460733 0.02617801047120419 0.015706806282722512 
0.9178785286569717 0.06244653550042772 0.019674935842600515 
0.6505576208178439 0.13630731102850063 0.21313506815365552 
***Attribute 9 distributions for all classes
0.15349887133182843 0.44469525959367945 0.31376975169300225 0.08803611738148984 
0.03125 0.4583333333333333 0.4583333333333333 0.052083333333333336 
0.2829059829059829 0.4324786324786325 0.20341880341880342 0.0811965811965812 
0.013613861386138614 0.18193069306930693 0.39603960396039606 0.4084158415841584 
***Attribute 10 distributions for all classes
0.12217194570135746 0.8461538461538461 0.03167420814479638 
0.7120418848167539 0.2617801047120419 0.02617801047120419 
0.1317365269461078 0.8451668092386655 0.023096663815226688 
0.5799256505576208 0.3469640644361834 0.07311028500619579 
***Attribute 11 distributions for all classes
0.8480725623582767 0.15192743764172337 
0.9894736842105263 0.010526315789473684 
0.761986301369863 0.238013698630137 
0.93424317617866 0.06575682382133995 
***Attribute 12 distributions for all classes
0.22799097065462753 0.4785553047404063 0.21670428893905191 0.07674943566591422 
0.041666666666666664 0.5416666666666666 0.2864583333333333 0.13020833333333334 
0.4017094017094017 0.4717948717948718 0.09145299145299145 0.03504273504273504 
0.14975247524752475 0.2722772277227723 0.22277227722772278 0.3551980198019802 
***Attribute 13 distributions for all classes
0.5986394557823129 0.4013605442176871 
0.9315789473684211 0.06842105263157895 
0.928082191780822 0.07191780821917808 
0.9900744416873449 0.009925558312655087 
***Attribute 14 distributions for all classes
0.9773242630385488 0.022675736961451247 
0.9894736842105263 0.010526315789473684 
0.9940068493150684 0.0059931506849315065 
0.8722084367245657 0.12779156327543426 
***Attribute 15 distributions for all classes
0.854875283446712 0.14512471655328799 
0.21052631578947367 0.7894736842105263 
0.9477739726027398 0.052226027397260275 
0.9950372208436724 0.004962779156327543 
***Attribute 16 distributions for all classes
0.6190476190476191 0.38095238095238093 
0.9421052631578948 0.05789473684210526 
0.24315068493150685 0.7568493150684932 
0.967741935483871 0.03225806451612903 
***Attribute 17 distributions for all classes
0.8231292517006803 0.17687074829931973 
0.8473684210526315 0.15263157894736842 
0.913527397260274 0.08647260273972603 
0.9975186104218362 0.0024813895781637717 
***Attribute 18 distributions for all classes
0.9546485260770975 0.045351473922902494 
0.9789473684210527 0.021052631578947368 
0.988013698630137 0.011986301369863013 
0.1687344913151365 0.8312655086848635 
***Attribute 19 distributions for all classes
0.4696629213483146 0.4966292134831461 0.0022471910112359553 0.006741573033707865 0.017977528089887642 0.006741573033707865 
0.5257731958762887 0.041237113402061855 0.015463917525773196 0.38144329896907214 0.020618556701030927 0.015463917525773196 
0.4206484641638225 0.059726962457337884 8.532423208191126E-4 0.005119453924914676 0.5110921501706485 0.002559726962457338 
0.5987654320987654 0.01728395061728395 0.29876543209876544 0.0024691358024691358 0.02345679012345679 0.05925925925925926