***Attribute 0 distributions for all classes
0.029345372460496615 0.16478555304740405 0.38826185101580135 0.417607223476298 
0.046875 0.3125 0.4895833333333333 0.15104166666666666 
0.023076923076923078 0.1547008547008547 0.4076923076923077 0.41452991452991456 
0.22896039603960397 0.4368811881188119 0.20544554455445543 0.12871287128712872 
***Attribute 1 distributions for all classes
0.006741573033707865 0.04044943820224719 0.2 0.4696629213483146 0.17303370786516853 0.1101123595505618 
0.005154639175257732 0.12371134020618557 0.3711340206185567 0.38144329896907214 0.10309278350515463 0.015463917525773196 
0.0017064846416382253 0.01962457337883959 0.09982935153583618 0.25170648464163825 0.2508532423208191 0.37627986348122866 
0.15308641975308643 0.25925925925925924 0.30493827160493825 0.20493827160493827 0.06049382716049383 0.01728395061728395 
***Attribute 2 distributions for all classes
0.6839729119638827 0.22121896162528218 0.05869074492099323 0.03611738148984198 
0.15104166666666666 0.1875 0.19791666666666666 0.4635416666666667 
0.7051282051282052 0.18376068376068377 0.07521367521367521 0.035897435897435895 
0.15965346534653466 0.15594059405940594 0.28094059405940597 0.4034653465346535 
***Attribute 3 distributions for all classes
0.4898419864559819 0.48081264108352145 0.02708803611738149 0.002257336343115124 
0.10416666666666667 0.8072916666666666 0.06770833333333333 0.020833333333333332 
0.5136752136752136 0.45042735042735044 0.029914529914529916 0.005982905982905983 
0.06683168316831684 0.12252475247524752 0.12376237623762376 0.6868811881188119 
***Attribute 4 distributions for all classes
0.15090090090090091 0.6238738738738738 0.12612612612612611 0.09234234234234234 0.006756756756756757 
0.015544041450777202 0.15544041450777202 0.27979274611398963 0.533678756476684 0.015544041450777202 
0.14773697694278395 0.5815542271562767 0.11870196413321947 0.10589239965841162 0.04611443210930828 
0.06551297898640297 0.8380716934487021 0.06798516687268233 0.027194066749072928 0.0012360939431396785 
***Attribute 5 distributions for all classes
0.1554054054054054 0.5247747747747747 0.28153153153153154 0.036036036036036036 0.0022522522522522522 
0.015544041450777202 0.13989637305699482 0.5906735751295337 0.24870466321243523 0.0051813471502590676 
0.09649871904355252 0.3074295473953886 0.4022203245089667 0.17591801878736124 0.017933390264730998 
0.28059332509270707 0.3016069221260816 0.2484548825710754 0.1681087762669963 0.0012360939431396785 
***Attribute 6 distributions for all classes
0.8616780045351474 0.1383219954648526 
0.6631578947368421 0.3368421052631579 
0.8801369863013698 0.11986301369863013 
0.7630272952853598 0.2369727047146402 
***Attribute 7 distributions for all classes
0.7900677200902935 0.16930022573363432 0.03160270880361174 0.009029345372460496 
0.578125 0.3333333333333333 0.078125 0.010416666666666666 
0.8213675213675213 0.14273504273504273 0.03162393162393162 0.004273504273504274 
0.36386138613861385 0.3032178217821782 0.18564356435643564 0.14727722772277227 
***Attribute 8 distributions for all classes
0.6213151927437641 0.3786848072562358 
0.5052631578947369 0.49473684210526314 
0.6618150684931506 0.3381849315068493 
0.3027295285359802 0.6972704714640199 
***Attribute 9 distributions for all classes
0.5113122171945701 0.4457013574660634 0.042986425339366516 
0.2617801047120419 0.5916230366492147 0.14659685863874344 
0.523524379811805 0.388366124893071 0.08810949529512403 
0.38413878562577447 0.5799256505576208 0.03593556381660471 
***Attribute 10 distributions for all classes
0.9796380090497737 0.01583710407239819 0.004524886877828055 
0.9633507853403142 0.02617801047120419 0.010471204188481676 
0.9743370402053037 0.0213857998289136 0.00427715996578272 
0.7670384138785625 0.08674101610904585 0.14622057001239158 
***Attribute 11 distributions for all classes
0.15349887133182843 0.44469525959367945 0.31376975169300225 0.08803611738148984 
0.03125 0.4583333333333333 0.4583333333333333 0.052083333333333336 
0.2829059829059829 0.4324786324786325 0.20341880341880342 0.0811965811965812 
0.013613861386138614 0.18193069306930693 0.39603960396039606 0.4084158415841584 
***Attribute 12 distributions for all classes
0.12217194570135746 0.8461538461538461 0.03167420814479638 
0.7120418848167539 0.2617801047120419 0.02617801047120419 
0.1317365269461078 0.8451668092386655 0.023096663815226688 
0.5799256505576208 0.3469640644361834 0.07311028500619579 
***Attribute 13 distributions for all classes
0.09049773755656108 0.8733031674208145 0.03619909502262444 
0.11518324607329843 0.8743455497382199 0.010471204188481676 
0.21642429426860565 0.679213002566296 0.10436270316509838 
0.07558859975216853 0.8773234200743495 0.04708798017348203 
***Attribute 14 distributions for all classes
0.8480725623582767 0.15192743764172337 
0.9894736842105263 0.010526315789473684 
0.761986301369863 0.238013698630137 
0.93424317617866 0.06575682382133995 
***Attribute 15 distributions for all classes
0.22799097065462753 0.4785553047404063 0.21670428893905191 0.07674943566591422 
0.041666666666666664 0.5416666666666666 0.2864583333333333 0.13020833333333334 
0.4017094017094017 0.4717948717948718 0.09145299145299145 0.03504273504273504 
0.14975247524752475 0.2722772277227723 0.22277227722772278 0.3551980198019802 
***Attribute 16 distributions for all classes
0.5986394557823129 0.4013605442176871 
0.9315789473684211 0.06842105263157895 
0.928082191780822 0.07191780821917808 
0.9900744416873449 0.009925558312655087 
***Attribute 17 distributions for all classes
0.9977324263038548 0.0022675736961451248 
0.9947368421052631 0.005263157894736842 
0.9957191780821918 0.004280821917808219 
0.7406947890818859 0.25930521091811415 
***Attribute 18 distributions for all classes
0.9931972789115646 0.006802721088435374 
0.8210526315789474 0.17894736842105263 
0.9965753424657534 0.003424657534246575 
0.9962779156327544 0.0037220843672456576 
***Attribute 19 distributions for all classes
0.9614512471655329 0.03854875283446712 
0.9842105263157894 0.015789473684210527 
0.603595890410959 0.3964041095890411 
0.9987593052109182 0.0012406947890818859 