***Attribute 0 distributions for all classes
0.019027484143763214 0.07540521494009866 0.1543340380549683 0.10993657505285412 0.21212121212121213 0.2551092318534179 0.1416490486257928 0.03241719520789288 
0.0048543689320388345 0.014563106796116505 0.18446601941747573 0.06796116504854369 0.21359223300970873 0.3883495145631068 0.12135922330097088 0.0048543689320388345 
0.0011750881316098707 0.3572267920094007 0.30669800235017625 0.06345475910693302 0.099882491186839 0.13866039952996476 0.01410105757931845 0.01880141010575793 
0.006329113924050633 0.006329113924050633 0.0379746835443038 0.0379746835443038 0.569620253164557 0.27848101265822783 0.056962025316455694 0.006329113924050633 
0.003861003861003861 0.09266409266409266 0.21235521235521235 0.08494208494208494 0.2625482625482625 0.28957528957528955 0.052123552123552123 0.0019305019305019305 
0.0035502958579881655 0.04142011834319527 0.17751479289940827 0.15857988165680473 0.19289940828402366 0.23431952662721894 0.17159763313609466 0.020118343195266272 
0.012121212121212121 0.012121212121212121 0.12727272727272726 0.10303030303030303 0.28484848484848485 0.3878787878787879 0.06666666666666667 0.006060606060606061 
8.025682182985554E-4 0.011235955056179775 0.09069020866773676 0.09550561797752809 0.12439807383627609 0.30497592295345105 0.33226324237560195 0.04012841091492777 
0.014084507042253521 0.04225352112676056 0.15492957746478872 0.028169014084507043 0.30985915492957744 0.3380281690140845 0.09859154929577464 0.014084507042253521 
***Attribute 1 distributions for all classes
0.0706713780918728 0.415547703180212 0.4042402826855124 0.10954063604240283 
0.24257425742574257 0.48514851485148514 0.23267326732673269 0.039603960396039604 
0.4805194805194805 0.40613931523022434 0.09917355371900827 0.014167650531286895 
0.11688311688311688 0.512987012987013 0.33116883116883117 0.03896103896103896 
0.11284046692607004 0.6264591439688716 0.23929961089494164 0.021400778210116732 
0.014268727705112961 0.10463733650416171 0.3769322235434007 0.5041617122473246 
0.062111801242236024 0.4472049689440994 0.4472049689440994 0.043478260869565216 
0.28180354267310787 0.39533011272141705 0.285829307568438 0.037037037037037035 
0.23880597014925373 0.5223880597014925 0.08955223880597014 0.14925373134328357 
***Attribute 2 distributions for all classes
0.05148095909732017 7.052186177715092E-4 0.010578279266572637 7.052186177715092E-4 0.3928067700987306 0.5380818053596615 0.005641748942172073 
0.01951219512195122 0.004878048780487805 0.004878048780487805 0.00975609756097561 0.23414634146341465 0.24878048780487805 0.47804878048780486 
0.07764705882352942 0.002352941176470588 0.03294117647058824 0.001176470588235294 0.47411764705882353 0.40588235294117647 0.0058823529411764705 
0.07006369426751592 0.012738853503184714 0.03184713375796178 0.012738853503184714 0.4394904458598726 0.4012738853503185 0.03184713375796178 
0.04448742746615087 0.0019342359767891683 0.005802707930367505 0.0019342359767891683 0.3520309477756286 0.5822050290135397 0.01160541586073501 
0.06516587677725119 0.002369668246445498 0.02962085308056872 0.001184834123222749 0.40639810426540285 0.4940758293838863 0.001184834123222749 
0.024390243902439025 0.012195121951219513 0.018292682926829267 0.006097560975609756 0.29878048780487804 0.6341463414634146 0.006097560975609756 
0.05943775100401606 0.0859437751004016 0.05301204819277108 0.02650602409638554 0.4923694779116466 0.2746987951807229 0.008032128514056224 
0.08571428571428572 0.014285714285714285 0.04285714285714286 0.02857142857142857 0.45714285714285713 0.35714285714285715 0.014285714285714285 
***Attribute 3 distributions for all classes
0.4402826855123675 0.2954063604240283 0.21696113074204948 0.04734982332155477 
0.039603960396039604 0.13861386138613863 0.4405940594059406 0.3811881188118812 
0.05430932703659976 0.15466351829988192 0.4557260920897285 0.33530106257378983 
0.05844155844155844 0.1038961038961039 0.24025974025974026 0.5974025974025974 
0.4182879377431907 0.28599221789883267 0.22568093385214008 0.07003891050583658 
0.4768133174791914 0.2901307966706302 0.20927467300832342 0.023781212841854936 
0.22981366459627328 0.2857142857142857 0.37267080745341613 0.11180124223602485 
0.05394524959742351 0.15539452495974235 0.3856682769726248 0.40499194847020936 
0.04477611940298507 0.19402985074626866 0.26865671641791045 0.4925373134328358 
***Attribute 4 distributions for all classes
0.23516949152542374 0.6581920903954802 0.06567796610169492 0.036016949152542374 0.0049435028248587575 
0.26108374384236455 0.5024630541871922 0.11330049261083744 0.10344827586206896 0.019704433497536946 
0.25943396226415094 0.5058962264150944 0.12382075471698113 0.09551886792452831 0.015330188679245283 
0.2064516129032258 0.6387096774193548 0.07741935483870968 0.04516129032258064 0.03225806451612903 
0.10485436893203884 0.6621359223300971 0.13398058252427184 0.08155339805825243 0.017475728155339806 
0.43942992874109266 0.47149643705463185 0.05938242280285035 0.026128266033254157 0.0035629453681710215 
0.19135802469135801 0.5987654320987654 0.10493827160493827 0.09259259259259259 0.012345679012345678 
0.1906677393403057 0.26387771520514886 0.09573612228479485 0.24215607401448108 0.2075623491552695 
0.16176470588235295 0.7058823529411765 0.04411764705882353 0.07352941176470588 0.014705882352941176 
***Attribute 5 distributions for all classes
0.3048694424841214 0.2900494001411433 0.27593507410021173 0.08327452364149612 0.030345800988002825 0.015525758645024701 
0.00980392156862745 0.09313725490196079 0.3235294117647059 0.22549019607843138 0.15196078431372548 0.19607843137254902 
0.011778563015312132 0.12838633686690223 0.47703180212014135 0.25206124852767964 0.10247349823321555 0.028268551236749116 
0.01282051282051282 0.05128205128205128 0.14102564102564102 0.24358974358974358 0.32051282051282054 0.23076923076923078 
0.2616279069767442 0.29651162790697677 0.24224806201550386 0.1124031007751938 0.06201550387596899 0.025193798449612403 
0.4365361803084223 0.2206405693950178 0.2277580071174377 0.06168446026097272 0.02372479240806643 0.02965599051008304 
0.1411042944785276 0.2392638036809816 0.26380368098159507 0.1901840490797546 0.07975460122699386 0.08588957055214724 
8.038585209003215E-4 0.003215434083601286 0.04983922829581994 0.08038585209003216 0.20016077170418006 0.6655948553054662 
0.028985507246376812 0.07246376811594203 0.3333333333333333 0.3188405797101449 0.14492753623188406 0.10144927536231885 
***Attribute 6 distributions for all classes
0.49611856033874385 0.3083980239943543 0.10162314749470713 0.06422018348623854 0.025405786873676783 0.004234297812279464 
0.05392156862745098 0.06862745098039216 0.0784313725490196 0.24019607843137256 0.3872549019607843 0.1715686274509804 
0.02237926972909305 0.08833922261484099 0.11189634864546526 0.2661955241460542 0.3875147232037691 0.12367491166077739 
0.057692307692307696 0.17307692307692307 0.08974358974358974 0.12179487179487179 0.26282051282051283 0.2948717948717949 
0.05232558139534884 0.14534883720930233 0.10465116279069768 0.17248062015503876 0.3062015503875969 0.2189922480620155 
0.5456702253855279 0.29062870699881377 0.0711743772241993 0.05812574139976275 0.03084223013048636 0.0035587188612099642 
0.50920245398773 0.26993865030674846 0.06748466257668712 0.09815950920245399 0.049079754601226995 0.006134969325153374 
0.13344051446945338 0.19614147909967847 0.1422829581993569 0.2395498392282958 0.2090032154340836 0.07958199356913183 
0.10144927536231885 0.11594202898550725 0.07246376811594203 0.13043478260869565 0.4057971014492754 0.17391304347826086 
***Attribute 7 distributions for all classes
0.13347457627118645 0.7521186440677966 0.08050847457627118 0.024717514124293787 0.009180790960451978 
0.019704433497536946 0.06403940886699508 0.03940886699507389 0.11330049261083744 0.7635467980295566 
0.0011792452830188679 0.024764150943396228 0.0294811320754717 0.07311320754716981 0.8714622641509434 
0.025806451612903226 0.2967741935483871 0.10967741935483871 0.12903225806451613 0.43870967741935485 
0.031067961165048542 0.8271844660194175 0.10485436893203884 0.02912621359223301 0.007766990291262136 
0.2327790973871734 0.7019002375296912 0.043942992874109264 0.015439429928741092 0.0059382422802850355 
0.12345679012345678 0.7530864197530864 0.07407407407407407 0.024691358024691357 0.024691358024691357 
0.04022526146419952 0.16572807723250202 0.057924376508447305 0.1255028157683025 0.6106194690265486 
0.058823529411764705 0.14705882352941177 0.04411764705882353 0.10294117647058823 0.6470588235294118 
***Attribute 8 distributions for all classes
0.17572335920959775 0.10021171489061398 0.4050811573747354 0.24770642201834864 0.03952011291460833 0.03175723359209598 
0.004901960784313725 0.029411764705882353 0.09313725490196079 0.27941176470588236 0.17647058823529413 0.4166666666666667 
0.004711425206124852 0.0035335689045936395 0.12367491166077739 0.31448763250883394 0.18492343934040048 0.36866902237926974 
0.019230769230769232 0.00641025641025641 0.08333333333333333 0.26282051282051283 0.11538461538461539 0.5128205128205128 
0.04844961240310078 0.09302325581395349 0.437984496124031 0.3081395348837209 0.07751937984496124 0.03488372093023256 
0.35112692763938314 0.1542111506524318 0.302491103202847 0.1257413997627521 0.033214709371293 0.033214709371293 
0.09202453987730061 0.07975460122699386 0.3006134969325153 0.294478527607362 0.12883435582822086 0.10429447852760736 
0.007234726688102894 0.01045016077170418 0.12540192926045016 0.31189710610932475 0.1985530546623794 0.34646302250803857 
0.08695652173913043 0.028985507246376812 0.13043478260869565 0.36231884057971014 0.11594202898550725 0.2753623188405797 
***Attribute 9 distributions for all classes
0.06830985915492958 0.10492957746478873 0.37816901408450704 0.2971830985915493 0.05845070422535211 0.07323943661971831 0.005633802816901409 0.007042253521126761 0.007042253521126761 
0.028985507246376812 0.033816425120772944 0.47342995169082125 0.3333333333333333 0.057971014492753624 0.04830917874396135 0.004830917874396135 0.014492753623188406 0.004830917874396135 
0.007042253521126761 0.0528169014084507 0.5129107981220657 0.3568075117370892 0.04107981220657277 0.025821596244131457 0.0011737089201877935 0.0011737089201877935 0.0011737089201877935 
0.006289308176100629 0.03773584905660377 0.11320754716981132 0.44654088050314467 0.22012578616352202 0.1509433962264151 0.012578616352201259 0.006289308176100629 0.006289308176100629 
0.005780346820809248 0.0019267822736030828 0.01348747591522158 0.11560693641618497 0.20809248554913296 0.6107899807321773 0.036608863198458574 0.005780346820809248 0.0019267822736030828 
0.10874704491725769 0.11583924349881797 0.3120567375886525 0.21513002364066194 0.07801418439716312 0.08037825059101655 0.04964539007092199 0.03664302600472813 0.0035460992907801418 
0.03614457831325301 0.1144578313253012 0.4036144578313253 0.2289156626506024 0.1144578313253012 0.08433734939759036 0.006024096385542169 0.006024096385542169 0.006024096385542169 
0.012028869286287089 0.0545308740978348 0.39775461106655974 0.3736968724939856 0.08420208500400962 0.06094627105052125 0.0136327185244587 8.019246190858059E-4 0.0024057738572574178 
0.013888888888888888 0.041666666666666664 0.4444444444444444 0.2638888888888889 0.125 0.06944444444444445 0.013888888888888888 0.013888888888888888 0.013888888888888888 
***Attribute 10 distributions for all classes
0.2994350282485876 0.3418079096045198 0.23940677966101695 0.08050847457627118 0.03884180790960452 
0.49261083743842365 0.26108374384236455 0.1724137931034483 0.06896551724137931 0.0049261083743842365 
0.45872641509433965 0.18867924528301888 0.16273584905660377 0.16627358490566038 0.02358490566037736 
0.1870967741935484 0.1032258064516129 0.2645161290322581 0.43870967741935485 0.0064516129032258064 
0.05436893203883495 0.1766990291262136 0.38058252427184464 0.3339805825242718 0.05436893203883495 
0.1828978622327791 0.21971496437054633 0.25771971496437057 0.27909738717339666 0.060570071258907364 
0.16049382716049382 0.2345679012345679 0.35185185185185186 0.24074074074074073 0.012345679012345678 
0.39662107803700725 0.32823813354786807 0.19549477071600965 0.07884151246983105 8.045052292839903E-4 
0.5735294117647058 0.23529411764705882 0.1323529411764706 0.04411764705882353 0.014705882352941176 
***Attribute 11 distributions for all classes
0.2836979534227241 0.23076923076923078 0.22018348623853212 0.187014820042343 0.07198306280875089 0.006351446718419196 
0.03431372549019608 0.06862745098039216 0.0784313725490196 0.24019607843137256 0.29411764705882354 0.28431372549019607 
0.009422850412249705 0.04240282685512368 0.10836277974087162 0.20730270906949352 0.3934040047114252 0.23910482921083628 
0.05128205128205128 0.05128205128205128 0.09615384615384616 0.21153846153846154 0.3333333333333333 0.2564102564102564 
0.12596899224806202 0.1686046511627907 0.21124031007751937 0.3430232558139535 0.12790697674418605 0.023255813953488372 
0.3155397390272835 0.18505338078291814 0.199288256227758 0.2040332147093713 0.08778173190984578 0.00830367734282325 
0.26993865030674846 0.1656441717791411 0.1901840490797546 0.22085889570552147 0.1165644171779141 0.03680981595092025 
0.03295819935691318 0.04823151125401929 0.09807073954983923 0.17926045016077172 0.319935691318328 0.3215434083601286 
0.043478260869565216 0.07246376811594203 0.043478260869565216 0.14492753623188406 0.37681159420289856 0.3188405797101449 
***Attribute 12 distributions for all classes
0.3618374558303887 0.2176678445229682 0.32720848056537105 0.09328621908127209 
0.6386138613861386 0.22772277227722773 0.11386138613861387 0.019801980198019802 
0.6859504132231405 0.22077922077922077 0.08618654073199528 0.0070838252656434475 
0.6038961038961039 0.2532467532467532 0.12987012987012986 0.012987012987012988 
0.5622568093385214 0.21011673151750973 0.20038910505836577 0.027237354085603113 
0.40665873959571935 0.2057074910820452 0.267538644470868 0.12009512485136742 
0.4409937888198758 0.22981366459627328 0.2670807453416149 0.062111801242236024 
0.7230273752012882 0.18035426731078905 0.0893719806763285 0.007246376811594203 
0.6119402985074627 0.2537313432835821 0.11940298507462686 0.014925373134328358 
***Attribute 13 distributions for all classes
0.6394366197183099 0.2619718309859155 0.02112676056338028 0.021830985915492956 0.02112676056338028 0.013380281690140845 0.005633802816901409 0.0014084507042253522 0.014084507042253521 
0.6956521739130435 0.25120772946859904 0.004830917874396135 0.004830917874396135 0.004830917874396135 0.01932367149758454 0.004830917874396135 0.00966183574879227 0.004830917874396135 
0.31572769953051644 0.2312206572769953 0.09624413145539906 0.0035211267605633804 0.10211267605633803 0.09624413145539906 0.002347417840375587 0.002347417840375587 0.15023474178403756 
0.5471698113207547 0.34591194968553457 0.006289308176100629 0.025157232704402517 0.050314465408805034 0.006289308176100629 0.006289308176100629 0.006289308176100629 0.006289308176100629 
0.6955684007707129 0.23699421965317918 0.02119460500963391 0.015414258188824663 0.011560693641618497 0.011560693641618497 0.0019267822736030828 0.0019267822736030828 0.0038535645472061657 
0.6276595744680851 0.2624113475177305 0.008274231678486997 0.026004728132387706 0.015366430260047281 0.028368794326241134 0.024822695035460994 0.001182033096926714 0.00591016548463357 
0.7228915662650602 0.1927710843373494 0.006024096385542169 0.012048192771084338 0.03614457831325301 0.012048192771084338 0.006024096385542169 0.006024096385542169 0.006024096385542169 
0.3079390537289495 0.4498797113071371 0.012830793905372895 0.0048115477145148355 0.14033680834001605 0.03127506014434643 8.019246190858059E-4 0.0032076984763432237 0.04891740176423416 
0.4444444444444444 0.25 0.013888888888888888 0.013888888888888888 0.125 0.06944444444444445 0.013888888888888888 0.013888888888888888 0.05555555555555555 
***Attribute 14 distributions for all classes
0.026836158192090395 0.393361581920904 0.3855932203389831 0.1483050847457627 0.04590395480225989 
0.0049261083743842365 0.458128078817734 0.3842364532019704 0.14285714285714285 0.009852216748768473 
0.02830188679245283 0.18278301886792453 0.39504716981132076 0.2606132075471698 0.1332547169811321 
0.0064516129032258064 0.34838709677419355 0.5032258064516129 0.12903225806451613 0.012903225806451613 
0.005825242718446602 0.34757281553398056 0.4077669902912621 0.18058252427184465 0.05825242718446602 
0.010688836104513063 0.14726840855106887 0.29097387173396677 0.3669833729216152 0.1840855106888361 
0.006172839506172839 0.4506172839506173 0.3765432098765432 0.14814814814814814 0.018518518518518517 
8.045052292839903E-4 0.21882542236524538 0.5510860820595334 0.2011263073209976 0.02815768302493966 
0.014705882352941176 0.14705882352941177 0.6176470588235294 0.19117647058823528 0.029411764705882353 
***Attribute 15 distributions for all classes
0.41284403669724773 0.16443189837685251 0.27593507410021173 0.1058574453069866 0.033168666196189134 0.0077628793225123505 
0.014705882352941176 0.05392156862745098 0.15196078431372548 0.23039215686274508 0.29901960784313725 0.25 
0.027090694935217905 0.0353356890459364 0.15901060070671377 0.31802120141342755 0.2767962308598351 0.18374558303886926 
0.038461538461538464 0.019230769230769232 0.07692307692307693 0.16025641025641027 0.23717948717948717 0.46794871794871795 
0.5116279069767442 0.18023255813953487 0.23255813953488372 0.0562015503875969 0.01744186046511628 0.001937984496124031 
0.5124555160142349 0.16251482799525505 0.17437722419928825 0.12099644128113879 0.02609727164887307 0.0035587188612099642 
0.4233128834355828 0.15337423312883436 0.26380368098159507 0.11042944785276074 0.03680981595092025 0.012269938650306749 
0.03536977491961415 0.03858520900321544 0.13183279742765272 0.2628617363344051 0.2741157556270096 0.2572347266881029 
0.07246376811594203 0.028985507246376812 0.18840579710144928 0.21739130434782608 0.30434782608695654 0.18840579710144928 
***Attribute 16 distributions for all classes
0.1560734463276836 0.2196327683615819 0.5310734463276836 0.08898305084745763 0.00423728813559322 
0.019704433497536946 0.2019704433497537 0.5221674876847291 0.2315270935960591 0.024630541871921183 
0.06721698113207547 0.13089622641509435 0.40212264150943394 0.25589622641509435 0.14386792452830188 
0.025806451612903226 0.07096774193548387 0.5806451612903226 0.3096774193548387 0.012903225806451613 
0.07961165048543689 0.34368932038834954 0.5203883495145631 0.04660194174757282 0.009708737864077669 
0.3586698337292161 0.38004750593824227 0.23515439429928742 0.020190023752969122 0.0059382422802850355 
0.024691358024691357 0.21604938271604937 0.5370370370370371 0.17901234567901234 0.043209876543209874 
0.0056315366049879325 0.10539018503620273 0.5703942075623492 0.21078037007240547 0.10780370072405471 
0.029411764705882353 0.22058823529411764 0.5441176470588235 0.11764705882352941 0.08823529411764706 
***Attribute 17 distributions for all classes
0.1166077738515901 0.2183745583038869 0.24593639575971732 0.41908127208480567 
0.7128712871287128 0.2079207920792079 0.054455445544554455 0.024752475247524754 
0.6257378984651711 0.3140495867768595 0.05194805194805195 0.008264462809917356 
0.7532467532467533 0.18181818181818182 0.03896103896103896 0.025974025974025976 
0.8229571984435797 0.15953307392996108 0.007782101167315175 0.009727626459143969 
0.07728894173602854 0.18668252080856124 0.267538644470868 0.4684898929845422 
0.13043478260869565 0.2857142857142857 0.22981366459627328 0.35403726708074534 
0.5177133655394525 0.31561996779388085 0.0893719806763285 0.07729468599033816 
0.7164179104477612 0.16417910447761194 0.04477611940298507 0.07462686567164178 
***Attribute 18 distributions for all classes
0.4018361581920904 0.3234463276836158 0.2344632768361582 0.03036723163841808 0.009887005649717515 
0.39408866995073893 0.2561576354679803 0.18226600985221675 0.10837438423645321 0.059113300492610835 
0.13797169811320756 0.2099056603773585 0.31839622641509435 0.15330188679245282 0.1804245283018868 
0.09032258064516129 0.3935483870967742 0.4064516129032258 0.1032258064516129 0.0064516129032258064 
0.21359223300970873 0.39611650485436894 0.287378640776699 0.07378640776699029 0.02912621359223301 
0.47862232779097386 0.2505938242280285 0.20308788598574823 0.047505938242280284 0.020190023752969122 
0.12345679012345678 0.37037037037037035 0.4012345679012346 0.06172839506172839 0.043209876543209874 
0.01850362027353178 0.11504424778761062 0.4658085277554304 0.2815768302493966 0.11906677393403058 
0.11764705882352941 0.19117647058823528 0.25 0.20588235294117646 0.23529411764705882 
***Attribute 19 distributions for all classes
0.04160789844851904 0.05782792665726375 0.1755994358251058 0.47531734837799716 0.1763046544428773 0.07263751763046544 7.052186177715092E-4 
0.004878048780487805 0.05365853658536585 0.14146341463414633 0.5756097560975609 0.18536585365853658 0.03414634146341464 0.004878048780487805 
0.06470588235294118 0.12 0.12352941176470589 0.31529411764705884 0.16117647058823528 0.18352941176470589 0.03176470588235294 
0.006369426751592357 0.025477707006369428 0.10191082802547771 0.5923566878980892 0.2229299363057325 0.044585987261146494 0.006369426751592357 
0.0425531914893617 0.05029013539651837 0.14893617021276595 0.5725338491295938 0.15667311411992263 0.027079303675048357 0.0019342359767891683 
0.03909952606635071 0.2156398104265403 0.27014218009478674 0.3933649289099526 0.06872037914691943 0.01066350710900474 0.002369668246445498 
0.018292682926829267 0.03048780487804878 0.04878048780487805 0.524390243902439 0.29878048780487804 0.07317073170731707 0.006097560975609756 
0.0024096385542168677 0.00963855421686747 0.04417670682730924 0.3100401606425703 0.3092369477911647 0.3140562248995984 0.010441767068273093 
0.014285714285714285 0.05714285714285714 0.11428571428571428 0.4 0.34285714285714286 0.05714285714285714 0.014285714285714285 
***Attribute 20 distributions for all classes
0.01977401129943503 0.2761299435028249 0.461864406779661 0.1652542372881356 0.0769774011299435 
0.009852216748768473 0.270935960591133 0.5615763546798029 0.1477832512315271 0.009852216748768473 
0.049528301886792456 0.28773584905660377 0.4811320754716981 0.13443396226415094 0.04716981132075472 
0.0064516129032258064 0.1870967741935484 0.5483870967741935 0.1935483870967742 0.06451612903225806 
0.009708737864077669 0.4116504854368932 0.46601941747572817 0.1029126213592233 0.009708737864077669 
0.013064133016627079 0.1021377672209026 0.30403800475059384 0.334916864608076 0.24584323040380046 
0.043209876543209874 0.2839506172839506 0.5185185185185185 0.12962962962962962 0.024691358024691357 
0.003218020917135961 0.15526950925181013 0.6307320997586484 0.18825422365245373 0.02252614641995173 
0.014705882352941176 0.19117647058823528 0.3235294117647059 0.2647058823529412 0.20588235294117646 
***Attribute 21 distributions for all classes
0.5095541401273885 0.49044585987261147 
0.825 0.175 
0.9952662721893492 0.004733727810650888 
0.993421052631579 0.006578947368421052 
0.97265625 0.02734375 
0.9761620977353993 0.023837902264600714 
0.9119496855345912 0.0880503144654088 
0.9991935483870967 8.064516129032258E-4 
0.9846153846153847 0.015384615384615385 
***Attribute 22 distributions for all classes
0.9936305732484076 0.006369426751592357 
0.995 0.0050 
0.9988165680473373 0.001183431952662722 
0.993421052631579 0.006578947368421052 
0.994140625 0.005859375 
0.33134684147794996 0.6686531585220501 
0.9937106918238994 0.006289308176100629 
0.9991935483870967 8.064516129032258E-4 
0.9846153846153847 0.015384615384615385 
***Attribute 23 distributions for all classes
0.9865534324133051 0.013446567586694975 
0.965 0.035 
0.9408284023668639 0.05917159763313609 
0.9802631578947368 0.019736842105263157 
0.994140625 0.005859375 
0.9952324195470799 0.004767580452920143 
0.9937106918238994 0.006289308176100629 
0.22258064516129034 0.7774193548387097 
0.9692307692307692 0.03076923076923077 
***Attribute 24 distributions for all classes
0.15852795470629866 0.8414720452937013 
0.715 0.285 
0.8520710059171598 0.14792899408284024 
0.9736842105263158 0.02631578947368421 
0.609375 0.390625 
0.66507747318236 0.33492252681764006 
0.6415094339622641 0.3584905660377358 
0.7798387096774193 0.22016129032258064 
0.8461538461538461 0.15384615384615385 
***Attribute 25 distributions for all classes
0.8846426043878273 0.11535739561217269 
0.17 0.83 
0.9218934911242603 0.07810650887573964 
0.7697368421052632 0.23026315789473684 
0.9765625 0.0234375 
0.9785458879618594 0.021454112038140644 
0.9811320754716981 0.018867924528301886 
0.8975806451612903 0.10241935483870968 
0.8 0.2 
***Attribute 26 distributions for all classes
0.7197452229299363 0.2802547770700637 
0.855 0.145 
0.9656804733727811 0.03431952662721893 
0.993421052631579 0.006578947368421052 
0.111328125 0.888671875 
0.9535160905840286 0.04648390941597139 
0.6163522012578616 0.3836477987421384 
0.9887096774193549 0.01129032258064516 
0.8769230769230769 0.12307692307692308 
***Attribute 27 distributions for all classes
0.8874734607218684 0.11252653927813164 
0.655 0.345 
0.047337278106508875 0.9526627218934911 
0.6381578947368421 0.3618421052631579 
0.947265625 0.052734375 
0.9833134684147795 0.0166865315852205 
0.8867924528301887 0.11320754716981132 
0.6967741935483871 0.3032258064516129 
0.4307692307692308 0.5692307692307692 
***Attribute 28 distributions for all classes
0.9547062986553433 0.04529370134465676 
0.995 0.0050 
0.9952662721893492 0.004733727810650888 
0.993421052631579 0.006578947368421052 
0.943359375 0.056640625 
0.99880810488677 0.0011918951132300357 
0.24528301886792453 0.7547169811320755 
0.9983870967741936 0.0016129032258064516 
0.9230769230769231 0.07692307692307693 
***Attribute 29 distributions for all classes
0.4257565095003519 0.5608726249120338 7.037297677691766E-4 0.0014074595355383533 7.037297677691766E-4 0.0014074595355383533 0.005629838142153413 7.037297677691766E-4 0.00211118930330753 7.037297677691766E-4 
0.6682692307692307 0.004807692307692308 0.2932692307692308 0.004807692307692308 0.004807692307692308 0.004807692307692308 0.004807692307692308 0.004807692307692308 0.004807692307692308 0.004807692307692308 
0.47245017584994137 0.0023446658851113715 0.0011723329425556857 0.511137162954279 0.0011723329425556857 0.0011723329425556857 0.0023446658851113715 0.0011723329425556857 0.005861664712778429 0.0011723329425556857 
0.25 0.00625 0.00625 0.00625 0.7 0.00625 0.00625 0.00625 0.00625 0.00625 
0.4519230769230769 0.0038461538461538464 0.0019230769230769232 0.0019230769230769232 0.0019230769230769232 0.5269230769230769 0.0057692307692307696 0.0019230769230769232 0.0019230769230769232 0.0019230769230769232 
0.4049586776859504 0.0023612750885478157 0.0011806375442739079 0.0023612750885478157 0.0011806375442739079 0.0011806375442739079 0.5832349468713105 0.0011806375442739079 0.0011806375442739079 0.0011806375442739079 
0.6227544910179641 0.005988023952095809 0.005988023952095809 0.005988023952095809 0.005988023952095809 0.005988023952095809 0.005988023952095809 0.32934131736526945 0.005988023952095809 0.005988023952095809 
0.42948717948717946 8.012820512820513E-4 8.012820512820513E-4 0.003205128205128205 8.012820512820513E-4 8.012820512820513E-4 8.012820512820513E-4 8.012820512820513E-4 0.561698717948718 8.012820512820513E-4 
0.7397260273972602 0.0136986301369863 0.0136986301369863 0.0136986301369863 0.0136986301369863 0.0136986301369863 0.0136986301369863 0.0136986301369863 0.0136986301369863 0.1506849315068493 