***Attribute 0 distributions for all classes
0.019027484143763214 0.07540521494009866 0.1543340380549683 0.10993657505285412 0.21212121212121213 0.2551092318534179 0.1416490486257928 0.03241719520789288 
0.0048543689320388345 0.014563106796116505 0.18446601941747573 0.06796116504854369 0.21359223300970873 0.3883495145631068 0.12135922330097088 0.0048543689320388345 
0.0011750881316098707 0.3572267920094007 0.30669800235017625 0.06345475910693302 0.099882491186839 0.13866039952996476 0.01410105757931845 0.01880141010575793 
0.006329113924050633 0.006329113924050633 0.0379746835443038 0.0379746835443038 0.569620253164557 0.27848101265822783 0.056962025316455694 0.006329113924050633 
0.009009009009009009 0.009009009009009009 0.06306306306306306 0.09009009009009009 0.3783783783783784 0.35135135135135137 0.08108108108108109 0.018018018018018018 
0.003861003861003861 0.09266409266409266 0.21235521235521235 0.08494208494208494 0.2625482625482625 0.28957528957528955 0.052123552123552123 0.0019305019305019305 
0.0035502958579881655 0.04142011834319527 0.17751479289940827 0.15857988165680473 0.19289940828402366 0.23431952662721894 0.17159763313609466 0.020118343195266272 
0.012121212121212121 0.012121212121212121 0.12727272727272726 0.10303030303030303 0.28484848484848485 0.3878787878787879 0.06666666666666667 0.006060606060606061 
8.025682182985554E-4 0.011235955056179775 0.09069020866773676 0.09550561797752809 0.12439807383627609 0.30497592295345105 0.33226324237560195 0.04012841091492777 
***Attribute 1 distributions for all classes
0.07062146892655367 0.3954802259887006 0.2062146892655367 0.21822033898305085 0.1094632768361582 
0.2413793103448276 0.4827586206896552 0.09852216748768473 0.13793103448275862 0.03940886699507389 
0.47995283018867924 0.39858490566037735 0.05778301886792453 0.049528301886792456 0.014150943396226415 
0.11612903225806452 0.4838709677419355 0.21935483870967742 0.14193548387096774 0.03870967741935484 
0.3333333333333333 0.5740740740740741 0.07407407407407407 0.009259259259259259 0.009259259259259259 
0.11262135922330097 0.6 0.1669902912621359 0.09902912621359224 0.021359223300970873 
0.014251781472684086 0.09619952494061758 0.12351543942992874 0.26247030878859856 0.503562945368171 
0.06172839506172839 0.4382716049382716 0.25308641975308643 0.2037037037037037 0.043209876543209874 
0.2815768302493966 0.3821399839098954 0.14641995172968625 0.15285599356395815 0.03700724054706356 
***Attribute 2 distributions for all classes
0.05148095909732017 7.052186177715092E-4 0.010578279266572637 7.052186177715092E-4 0.3928067700987306 0.5380818053596615 0.005641748942172073 
0.01951219512195122 0.004878048780487805 0.004878048780487805 0.00975609756097561 0.23414634146341465 0.24878048780487805 0.47804878048780486 
0.07764705882352942 0.002352941176470588 0.03294117647058824 0.001176470588235294 0.47411764705882353 0.40588235294117647 0.0058823529411764705 
0.07006369426751592 0.012738853503184714 0.03184713375796178 0.012738853503184714 0.4394904458598726 0.4012738853503185 0.03184713375796178 
0.09090909090909091 0.02727272727272727 0.05454545454545454 0.00909090909090909 0.5727272727272728 0.20909090909090908 0.03636363636363636 
0.04448742746615087 0.0019342359767891683 0.005802707930367505 0.0019342359767891683 0.3520309477756286 0.5822050290135397 0.01160541586073501 
0.06516587677725119 0.002369668246445498 0.02962085308056872 0.001184834123222749 0.40639810426540285 0.4940758293838863 0.001184834123222749 
0.024390243902439025 0.012195121951219513 0.018292682926829267 0.006097560975609756 0.29878048780487804 0.6341463414634146 0.006097560975609756 
0.05943775100401606 0.0859437751004016 0.05301204819277108 0.02650602409638554 0.4923694779116466 0.2746987951807229 0.008032128514056224 
***Attribute 3 distributions for all classes
0.9943382873319179 0.005661712668082095 
0.995 0.0050 
0.9964497041420118 0.0035502958579881655 
0.9868421052631579 0.013157894736842105 
0.9809523809523809 0.01904761904761905 
0.98828125 0.01171875 
0.9964243146603099 0.003575685339690107 
0.6981132075471698 0.3018867924528302 
0.9983870967741936 0.0016129032258064516 
***Attribute 4 distributions for all classes
0.1616090331686662 0.27875793930839804 0.2949894142554693 0.21665490472829924 0.04446012702893437 0.0035285815102328866 
0.004901960784313725 0.0392156862745098 0.13725490196078433 0.4362745098039216 0.28431372549019607 0.09803921568627451 
0.007067137809187279 0.048292108362779744 0.15429917550058891 0.4546525323910483 0.2850412249705536 0.050647820965842166 
0.01282051282051282 0.05128205128205128 0.10256410256410256 0.23717948717948717 0.358974358974359 0.23717948717948717 
0.009174311926605505 0.045871559633027525 0.13761467889908258 0.3761467889908257 0.3944954128440367 0.03669724770642202 
0.1124031007751938 0.3062015503875969 0.28488372093023256 0.2248062015503876 0.06395348837209303 0.007751937984496124 
0.17912218268090155 0.2977461447212337 0.28944246737841045 0.20877817319098457 0.020166073546856466 0.004744958481613286 
0.05521472392638037 0.17791411042944785 0.2822085889570552 0.36809815950920244 0.11042944785276074 0.006134969325153374 
0.006430868167202572 0.04823151125401929 0.15514469453376206 0.385048231511254 0.2990353697749196 0.10610932475884244 
***Attribute 5 distributions for all classes
0.23516949152542374 0.6581920903954802 0.06567796610169492 0.036016949152542374 0.0049435028248587575 
0.26108374384236455 0.5024630541871922 0.11330049261083744 0.10344827586206896 0.019704433497536946 
0.25943396226415094 0.5058962264150944 0.12382075471698113 0.09551886792452831 0.015330188679245283 
0.2064516129032258 0.6387096774193548 0.07741935483870968 0.04516129032258064 0.03225806451612903 
0.1574074074074074 0.6851851851851852 0.06481481481481481 0.07407407407407407 0.018518518518518517 
0.10485436893203884 0.6621359223300971 0.13398058252427184 0.08155339805825243 0.017475728155339806 
0.43942992874109266 0.47149643705463185 0.05938242280285035 0.026128266033254157 0.0035629453681710215 
0.19135802469135801 0.5987654320987654 0.10493827160493827 0.09259259259259259 0.012345679012345678 
0.1906677393403057 0.26387771520514886 0.09573612228479485 0.24215607401448108 0.2075623491552695 
***Attribute 6 distributions for all classes
0.3048694424841214 0.2900494001411433 0.27593507410021173 0.08256880733944955 0.031051517290049402 0.015525758645024701 
0.00980392156862745 0.09313725490196079 0.3235294117647059 0.22549019607843138 0.15196078431372548 0.19607843137254902 
0.011778563015312132 0.12838633686690223 0.47703180212014135 0.2497055359246172 0.10482921083627797 0.028268551236749116 
0.01282051282051282 0.05128205128205128 0.14102564102564102 0.23717948717948717 0.3269230769230769 0.23076923076923078 
0.03669724770642202 0.01834862385321101 0.30275229357798167 0.3302752293577982 0.1834862385321101 0.12844036697247707 
0.2616279069767442 0.29651162790697677 0.24224806201550386 0.1124031007751938 0.06201550387596899 0.025193798449612403 
0.4365361803084223 0.2206405693950178 0.2277580071174377 0.06168446026097272 0.02372479240806643 0.02965599051008304 
0.1411042944785276 0.2392638036809816 0.26380368098159507 0.1901840490797546 0.07975460122699386 0.08588957055214724 
8.038585209003215E-4 0.003215434083601286 0.04983922829581994 0.07958199356913183 0.20096463022508038 0.6655948553054662 
***Attribute 7 distributions for all classes
0.2740112994350282 0.6334745762711864 0.06567796610169492 0.019067796610169493 0.007768361581920904 
0.024630541871921183 0.06896551724137931 0.03940886699507389 0.13793103448275862 0.729064039408867 
0.00589622641509434 0.02122641509433962 0.0294811320754717 0.09905660377358491 0.8443396226415094 
0.05806451612903226 0.23870967741935484 0.12258064516129032 0.14838709677419354 0.432258064516129 
0.018518518518518517 0.12037037037037036 0.07407407407407407 0.1388888888888889 0.6481481481481481 
0.08349514563106795 0.8 0.06990291262135923 0.038834951456310676 0.007766990291262136 
0.44061757719714967 0.5166270783847982 0.028503562945368172 0.009501187648456057 0.004750593824228029 
0.2716049382716049 0.6111111111111112 0.06790123456790123 0.018518518518518517 0.030864197530864196 
0.07723250201126307 0.13274336283185842 0.06516492357200322 0.15205148833467416 0.5728077232502011 
***Attribute 8 distributions for all classes
0.07904022582921666 0.36485532815808047 0.3676781933662668 0.13267466478475654 0.05081157374735357 0.004940014114326041 
0.004901960784313725 0.04411764705882353 0.16666666666666666 0.20098039215686275 0.4215686274509804 0.16176470588235295 
0.001177856301531213 0.0447585394581861 0.18256772673733804 0.24852767962308597 0.43934040047114253 0.08362779740871613 
0.019230769230769232 0.01282051282051282 0.12179487179487179 0.14102564102564102 0.42948717948717946 0.27564102564102566 
0.009174311926605505 0.045871559633027525 0.1743119266055046 0.12844036697247707 0.48623853211009177 0.1559633027522936 
0.011627906976744186 0.27325581395348836 0.39341085271317827 0.21124031007751937 0.1065891472868217 0.003875968992248062 
0.18505338078291814 0.42704626334519574 0.24555160142348753 0.08066429418742586 0.05812574139976275 0.0035587188612099642 
0.03680981595092025 0.25153374233128833 0.3312883435582822 0.22085889570552147 0.13496932515337423 0.024539877300613498 
0.007234726688102894 0.0409967845659164 0.1647909967845659 0.20739549839228297 0.43890675241157556 0.14067524115755628 
***Attribute 9 distributions for all classes
0.06830985915492958 0.10492957746478873 0.37816901408450704 0.2971830985915493 0.05845070422535211 0.07323943661971831 0.005633802816901409 0.007042253521126761 0.007042253521126761 
0.028985507246376812 0.033816425120772944 0.47342995169082125 0.3333333333333333 0.057971014492753624 0.04830917874396135 0.004830917874396135 0.014492753623188406 0.004830917874396135 
0.007042253521126761 0.0528169014084507 0.5129107981220657 0.3568075117370892 0.04107981220657277 0.025821596244131457 0.0011737089201877935 0.0011737089201877935 0.0011737089201877935 
0.006289308176100629 0.03773584905660377 0.11320754716981132 0.44654088050314467 0.22012578616352202 0.1509433962264151 0.012578616352201259 0.006289308176100629 0.006289308176100629 
0.017857142857142856 0.026785714285714284 0.375 0.3392857142857143 0.09821428571428571 0.10714285714285714 0.017857142857142856 0.008928571428571428 0.008928571428571428 
0.005780346820809248 0.0019267822736030828 0.01348747591522158 0.11560693641618497 0.20809248554913296 0.6107899807321773 0.036608863198458574 0.005780346820809248 0.0019267822736030828 
0.10874704491725769 0.11583924349881797 0.3120567375886525 0.21513002364066194 0.07801418439716312 0.08037825059101655 0.04964539007092199 0.03664302600472813 0.0035460992907801418 
0.03614457831325301 0.1144578313253012 0.4036144578313253 0.2289156626506024 0.1144578313253012 0.08433734939759036 0.006024096385542169 0.006024096385542169 0.006024096385542169 
0.012028869286287089 0.0545308740978348 0.39775461106655974 0.3736968724939856 0.08420208500400962 0.06094627105052125 0.0136327185244587 8.019246190858059E-4 0.0024057738572574178 
***Attribute 10 distributions for all classes
0.03952011291460833 0.2766407904022583 0.32533521524347214 0.2392378263937897 0.08045165843330981 0.03881439661256175 
0.10294117647058823 0.39215686274509803 0.25980392156862747 0.1715686274509804 0.06862745098039216 0.004901960784313725 
0.08362779740871613 0.3945818610129564 0.1696113074204947 0.1625441696113074 0.16489988221436985 0.024734982332155476 
0.02564102564102564 0.16666666666666666 0.10256410256410256 0.26282051282051283 0.4358974358974359 0.00641025641025641 
0.009174311926605505 0.3944954128440367 0.30275229357798167 0.22935779816513763 0.05504587155963303 0.009174311926605505 
0.005813953488372093 0.0562015503875969 0.17054263565891473 0.3798449612403101 0.3333333333333333 0.05426356589147287 
0.020166073546856466 0.17556346381969157 0.20759193357058126 0.25741399762752076 0.2775800711743772 0.06168446026097272 
0.024539877300613498 0.1411042944785276 0.2331288343558282 0.3496932515337423 0.2392638036809816 0.012269938650306749 
0.017684887459807074 0.3987138263665595 0.3086816720257235 0.19533762057877813 0.07877813504823152 8.038585209003215E-4 
***Attribute 11 distributions for all classes
0.3274398868458274 0.297029702970297 0.3755304101838755 
0.5572139303482587 0.3681592039800995 0.07462686567164178 
0.5638297872340425 0.37115839243498816 0.06501182033096926 
0.41830065359477125 0.3006535947712418 0.28104575163398693 
0.7452830188679245 0.2358490566037736 0.018867924528301886 
0.4756335282651072 0.3489278752436647 0.17543859649122806 
0.3357142857142857 0.30357142857142855 0.3607142857142857 
0.36875 0.35625 0.275 
0.6986301369863014 0.2054794520547945 0.0958904109589041 
***Attribute 12 distributions for all classes
0.7192362093352193 0.12942008486562942 0.15134370579915135 
0.9353233830845771 0.029850746268656716 0.03482587064676617 
0.8841607565011821 0.08747044917257683 0.028368794326241134 
0.9084967320261438 0.032679738562091505 0.058823529411764705 
0.9528301886792453 0.03773584905660377 0.009433962264150943 
0.8576998050682261 0.06237816764132553 0.07992202729044834 
0.6773809523809524 0.13333333333333333 0.18928571428571428 
0.65625 0.14375 0.2 
0.9089443996776793 0.062046736502820304 0.029008863819500404 
***Attribute 13 distributions for all classes
0.4402826855123675 0.4480565371024735 0.10176678445229682 0.009893992932862191 
0.0891089108910891 0.297029702970297 0.3069306930693069 0.3069306930693069 
0.043683589138134596 0.29634002361275086 0.4037780401416765 0.256198347107438 
0.045454545454545456 0.3116883116883117 0.33766233766233766 0.3051948051948052 
0.018691588785046728 0.16822429906542055 0.2336448598130841 0.5794392523364486 
0.25486381322957197 0.5505836575875487 0.1614785992217899 0.033073929961089495 
0.4149821640903686 0.460166468489893 0.11296076099881094 0.011890606420927468 
0.3105590062111801 0.484472049689441 0.16149068322981366 0.043478260869565216 
0.06280193236714976 0.2536231884057971 0.3397745571658615 0.3438003220611916 
***Attribute 14 distributions for all classes
0.43250883392226147 0.36395759717314485 0.15053003533568904 0.053003533568904596 
0.2376237623762376 0.31683168316831684 0.26732673267326734 0.1782178217821782 
0.32585596221959856 0.3400236127508855 0.20543093270365997 0.12868949232585597 
0.36363636363636365 0.3246753246753247 0.15584415584415584 0.15584415584415584 
0.102803738317757 0.21495327102803738 0.18691588785046728 0.4953271028037383 
0.3715953307392996 0.29571984435797666 0.23151750972762647 0.10116731517509728 
0.5683709869203329 0.262782401902497 0.10820451843043995 0.06064209274673008 
0.43478260869565216 0.3105590062111801 0.18012422360248448 0.07453416149068323 
0.19404186795491143 0.2640901771336554 0.2463768115942029 0.29549114331723025 
***Attribute 15 distributions for all classes
0.6394366197183099 0.2619718309859155 0.02112676056338028 0.021830985915492956 0.02112676056338028 0.013380281690140845 0.005633802816901409 0.0014084507042253522 0.014084507042253521 
0.6956521739130435 0.25120772946859904 0.004830917874396135 0.004830917874396135 0.004830917874396135 0.01932367149758454 0.004830917874396135 0.00966183574879227 0.004830917874396135 
0.31572769953051644 0.2312206572769953 0.09624413145539906 0.0035211267605633804 0.10211267605633803 0.09624413145539906 0.002347417840375587 0.002347417840375587 0.15023474178403756 
0.5471698113207547 0.34591194968553457 0.006289308176100629 0.025157232704402517 0.050314465408805034 0.006289308176100629 0.006289308176100629 0.006289308176100629 0.006289308176100629 
0.39285714285714285 0.38392857142857145 0.017857142857142856 0.008928571428571428 0.13392857142857142 0.03571428571428571 0.008928571428571428 0.008928571428571428 0.008928571428571428 
0.6955684007707129 0.23699421965317918 0.02119460500963391 0.015414258188824663 0.011560693641618497 0.011560693641618497 0.0019267822736030828 0.0019267822736030828 0.0038535645472061657 
0.6276595744680851 0.2624113475177305 0.008274231678486997 0.026004728132387706 0.015366430260047281 0.028368794326241134 0.024822695035460994 0.001182033096926714 0.00591016548463357 
0.7228915662650602 0.1927710843373494 0.006024096385542169 0.012048192771084338 0.03614457831325301 0.012048192771084338 0.006024096385542169 0.006024096385542169 0.006024096385542169 
0.3079390537289495 0.4498797113071371 0.012830793905372895 0.0048115477145148355 0.14033680834001605 0.03127506014434643 8.019246190858059E-4 0.0032076984763432237 0.04891740176423416 
***Attribute 16 distributions for all classes
0.548728813559322 0.1518361581920904 0.1348870056497175 0.13559322033898305 0.028954802259887006 
0.03940886699507389 0.06403940886699508 0.11330049261083744 0.22660098522167488 0.5566502463054187 
0.04363207547169811 0.049528301886792456 0.09198113207547169 0.2936320754716981 0.5212264150943396 
0.04516129032258064 0.025806451612903226 0.03870967741935484 0.15483870967741936 0.7354838709677419 
0.046296296296296294 0.07407407407407407 0.08333333333333333 0.3148148148148148 0.48148148148148145 
0.6485436893203883 0.19611650485436893 0.06796116504854369 0.07378640776699029 0.013592233009708738 
0.6377672209026128 0.1187648456057007 0.0831353919239905 0.13657957244655583 0.023752969121140142 
0.5370370370370371 0.16049382716049382 0.1728395061728395 0.09876543209876543 0.030864197530864196 
0.06436041834271923 0.050683829444891394 0.09493161705551086 0.2904263877715205 0.499597747385358 
***Attribute 17 distributions for all classes
0.19024045261669023 0.8055162659123055 0.004243281471004243 
0.4079601990049751 0.5422885572139303 0.04975124378109453 
0.1276595744680851 0.8617021276595744 0.010638297872340425 
0.13725490196078433 0.8300653594771242 0.032679738562091505 
0.09433962264150944 0.8773584905660378 0.02830188679245283 
0.12475633528265107 0.8693957115009746 0.005847953216374269 
0.34404761904761905 0.6511904761904762 0.004761904761904762 
0.1375 0.85625 0.00625 
0.3150684931506849 0.5987107171635777 0.0862207896857373 
***Attribute 18 distributions for all classes
0.15867418899858957 0.10437235543018336 0.35684062059238364 0.3025387870239774 0.06558533145275035 0.009873060648801129 0.0021156558533145277 
0.08292682926829269 0.04390243902439024 0.3121951219512195 0.3170731707317073 0.1073170731707317 0.11707317073170732 0.01951219512195122 
0.08470588235294117 0.058823529411764705 0.1635294117647059 0.2858823529411765 0.17882352941176471 0.1623529411764706 0.06588235294117648 
0.01910828025477707 0.006369426751592357 0.2229299363057325 0.4012738853503185 0.2802547770700637 0.06369426751592357 0.006369426751592357 
0.00909090909090909 0.01818181818181818 0.24545454545454545 0.43636363636363634 0.14545454545454545 0.13636363636363635 0.00909090909090909 
0.09477756286266925 0.14893617021276595 0.4410058027079304 0.23984526112185686 0.059961315280464215 0.013539651837524178 0.0019342359767891683 
0.42298578199052134 0.13981042654028436 0.25 0.13151658767772512 0.041469194312796206 0.013033175355450236 0.001184834123222749 
0.054878048780487805 0.0975609756097561 0.3902439024390244 0.3353658536585366 0.07926829268292683 0.024390243902439025 0.018292682926829267 
0.008032128514056224 0.016867469879518072 0.12931726907630522 0.3469879518072289 0.19518072289156627 0.1895582329317269 0.1140562248995984 
***Attribute 19 distributions for all classes
0.1166077738515901 0.2183745583038869 0.24593639575971732 0.41908127208480567 
0.7128712871287128 0.2079207920792079 0.054455445544554455 0.024752475247524754 
0.6257378984651711 0.3140495867768595 0.05194805194805195 0.008264462809917356 
0.7532467532467533 0.18181818181818182 0.03896103896103896 0.025974025974025976 
0.7102803738317757 0.18691588785046728 0.07476635514018691 0.028037383177570093 
0.8229571984435797 0.15953307392996108 0.007782101167315175 0.009727626459143969 
0.07728894173602854 0.18668252080856124 0.267538644470868 0.4684898929845422 
0.13043478260869565 0.2857142857142857 0.22981366459627328 0.35403726708074534 
0.5177133655394525 0.31561996779388085 0.0893719806763285 0.07729468599033816 
***Attribute 20 distributions for all classes
0.4015525758645025 0.3196894848270995 0.14396612561750177 0.09456598447424136 0.030345800988002825 0.009880028228652082 
0.39215686274509803 0.2549019607843137 0.08823529411764706 0.09803921568627451 0.10784313725490197 0.058823529411764705 
0.13780918727915195 0.20848056537102475 0.14487632508833923 0.17550058892815076 0.15312131919905772 0.18021201413427562 
0.08974358974358974 0.391025641025641 0.2564102564102564 0.15384615384615385 0.10256410256410256 0.00641025641025641 
0.027522935779816515 0.11926605504587157 0.12844036697247707 0.3761467889908257 0.2018348623853211 0.14678899082568808 
0.2131782945736434 0.39341085271317827 0.17248062015503876 0.1182170542635659 0.07364341085271318 0.029069767441860465 
0.47805456702253857 0.25029655990510086 0.11743772241992882 0.08659549228944247 0.04744958481613286 0.020166073546856466 
0.12269938650306748 0.3558282208588957 0.24539877300613497 0.17177914110429449 0.06134969325153374 0.04294478527607362 
0.018488745980707395 0.11414790996784566 0.18167202572347266 0.2853697749196141 0.28135048231511256 0.1189710610932476 
***Attribute 21 distributions for all classes
0.13126323218066338 0.22512350035285816 0.41284403669724773 0.2025405786873677 0.021877205363443897 0.006351446718419196 
0.09803921568627451 0.22549019607843138 0.44607843137254904 0.22058823529411764 0.004901960784313725 0.004901960784313725 
0.14840989399293286 0.14723203769140164 0.23792697290930506 0.27326266195524146 0.16372202591283863 0.02944640753828033 
0.04487179487179487 0.24358974358974358 0.4935897435897436 0.1987179487179487 0.01282051282051282 0.00641025641025641 
0.01834862385321101 0.1651376146788991 0.44036697247706424 0.3211009174311927 0.027522935779816515 0.027522935779816515 
0.1744186046511628 0.32751937984496127 0.36627906976744184 0.1182170542635659 0.011627906976744186 0.001937984496124031 
0.1506524317912218 0.2111506524317912 0.35587188612099646 0.24673784104389088 0.03440094899169632 0.0011862396204033216 
0.07975460122699386 0.37423312883435583 0.2822085889570552 0.2331288343558282 0.024539877300613498 0.006134969325153374 
0.03215434083601286 0.10369774919614148 0.31430868167202575 0.4533762057877814 0.09485530546623794 0.001607717041800643 
***Attribute 22 distributions for all classes
0.08409893992932863 0.24593639575971732 0.43250883392226147 0.23745583038869258 
0.17326732673267325 0.44554455445544555 0.30198019801980197 0.07920792079207921 
0.14167650531286896 0.25737898465171194 0.38134592680047225 0.21959858323494688 
0.6103896103896104 0.2792207792207792 0.09740259740259741 0.012987012987012988 
0.5420560747663551 0.3177570093457944 0.09345794392523364 0.04672897196261682 
0.08171206225680934 0.2587548638132296 0.4396887159533074 0.2198443579766537 
0.027348394768133173 0.14149821640903687 0.5017835909631391 0.32936979785969084 
0.21739130434782608 0.40993788819875776 0.2919254658385093 0.08074534161490683 
0.13526570048309178 0.31803542673107893 0.4581320450885668 0.08856682769726248 
***Attribute 23 distributions for all classes
0.2890459363957597 0.111660777385159 0.3710247349823322 0.2282685512367491 
0.3069306930693069 0.07920792079207921 0.3564356435643564 0.25742574257425743 
0.18181818181818182 0.09445100354191263 0.31759149940968123 0.40613931523022434 
0.05194805194805195 0.045454545454545456 0.2857142857142857 0.6168831168831169 
0.04672897196261682 0.07476635514018691 0.42990654205607476 0.4485981308411215 
0.11478599221789883 0.1303501945525292 0.4143968871595331 0.3404669260700389 
0.08799048751486326 0.06302021403091558 0.3579072532699168 0.49108204518430437 
0.16149068322981366 0.09316770186335403 0.43478260869565216 0.3105590062111801 
0.026570048309178744 0.05152979066022544 0.40096618357487923 0.5209339774557166 
***Attribute 24 distributions for all classes
0.06002824858757062 0.15677966101694915 0.15819209039548024 0.3714689265536723 0.2535310734463277 
0.0049261083743842365 0.15270935960591134 0.21674876847290642 0.4482758620689655 0.17733990147783252 
0.21580188679245282 0.20518867924528303 0.11556603773584906 0.3113207547169811 0.15212264150943397 
0.0064516129032258064 0.05161290322580645 0.14193548387096774 0.6774193548387096 0.12258064516129032 
0.009259259259259259 0.018518518518518517 0.027777777777777776 0.5277777777777778 0.4166666666666667 
0.05436893203883495 0.0854368932038835 0.08737864077669903 0.36699029126213595 0.4058252427184466 
0.052256532066508314 0.49406175771971494 0.22446555819477435 0.18527315914489312 0.043942992874109264 
0.012345679012345678 0.05555555555555555 0.06790123456790123 0.3888888888888889 0.47530864197530864 
0.007240547063555913 0.04102976669348351 0.11182622687047465 0.5382139983909895 0.3016894609814964 
***Attribute 25 distributions for all classes
0.5095541401273885 0.49044585987261147 
0.825 0.175 
0.9952662721893492 0.004733727810650888 
0.993421052631579 0.006578947368421052 
0.9904761904761905 0.009523809523809525 
0.97265625 0.02734375 
0.9761620977353993 0.023837902264600714 
0.9119496855345912 0.0880503144654088 
0.9991935483870967 8.064516129032258E-4 
***Attribute 26 distributions for all classes
0.9992922859164898 7.077140835102619E-4 
0.99 0.01 
0.47337278106508873 0.5266272189349113 
0.993421052631579 0.006578947368421052 
0.9714285714285714 0.02857142857142857 
0.998046875 0.001953125 
0.99880810488677 0.0011918951132300357 
0.9937106918238994 0.006289308176100629 
0.9983870967741936 0.0016129032258064516 
***Attribute 27 distributions for all classes
0.9978768577494692 0.0021231422505307855 
0.995 0.0050 
0.9988165680473373 0.001183431952662722 
0.993421052631579 0.006578947368421052 
0.9904761904761905 0.009523809523809525 
0.681640625 0.318359375 
0.99880810488677 0.0011918951132300357 
0.9874213836477987 0.012578616352201259 
0.9983870967741936 0.0016129032258064516 
***Attribute 28 distributions for all classes
0.9936305732484076 0.006369426751592357 
0.995 0.0050 
0.9988165680473373 0.001183431952662722 
0.993421052631579 0.006578947368421052 
0.9904761904761905 0.009523809523809525 
0.994140625 0.005859375 
0.33134684147794996 0.6686531585220501 
0.9937106918238994 0.006289308176100629 
0.9991935483870967 8.064516129032258E-4 
***Attribute 29 distributions for all classes
0.9865534324133051 0.013446567586694975 
0.965 0.035 
0.9408284023668639 0.05917159763313609 
0.9802631578947368 0.019736842105263157 
0.9523809523809523 0.047619047619047616 
0.994140625 0.005859375 
0.9952324195470799 0.004767580452920143 
0.9937106918238994 0.006289308176100629 
0.22258064516129034 0.7774193548387097 