***Attribute 0 distributions for all classes
0.019014084507042252 0.04014084507042254 0.03380281690140845 0.1563380281690141 0.0880281690140845 0.23380281690140844 0.23380281690140844 0.16267605633802817 0.0323943661971831 
0.002183406113537118 0.013100436681222707 0.04148471615720524 0.29912663755458513 0.1331877729257642 0.24890829694323144 0.2205240174672489 0.03275109170305677 0.008733624454148471 
0.004830917874396135 0.004830917874396135 0.014492753623188406 0.18357487922705315 0.04830917874396135 0.2318840579710145 0.3719806763285024 0.13526570048309178 0.004830917874396135 
0.0011737089201877935 0.2652582159624413 0.08568075117370892 0.31338028169014087 0.04812206572769953 0.11502347417840375 0.13145539906103287 0.02112676056338028 0.018779342723004695 
0.006289308176100629 0.006289308176100629 0.006289308176100629 0.03773584905660377 0.018867924528301886 0.5849056603773585 0.25157232704402516 0.08176100628930817 0.006289308176100629 
0.0038535645472061657 0.05973025048169557 0.03468208092485549 0.2119460500963391 0.06551059730250482 0.2813102119460501 0.2813102119460501 0.05973025048169557 0.0019267822736030828 
0.0035460992907801418 0.03309692671394799 0.00591016548463357 0.18085106382978725 0.12529550827423167 0.22576832151300236 0.21749408983451538 0.1879432624113475 0.02009456264775414 
0.012048192771084338 0.006024096385542169 0.012048192771084338 0.12650602409638553 0.07228915662650602 0.3132530120481928 0.35542168674698793 0.0963855421686747 0.006024096385542169 
8.019246190858059E-4 0.010425020048115477 0.0016038492381716118 0.09061748195669607 0.08019246190858059 0.13953488372093023 0.27586206896551724 0.3608660785886127 0.040096230954290296 
0.013888888888888888 0.041666666666666664 0.013888888888888888 0.1527777777777778 0.013888888888888888 0.3194444444444444 0.3333333333333333 0.09722222222222222 0.013888888888888888 
***Attribute 1 distributions for all classes
0.01694915254237288 0.054378531073446326 0.4152542372881356 0.403954802259887 0.1094632768361582 
0.02643171806167401 0.17400881057268722 0.6079295154185022 0.18502202643171806 0.006607929515418502 
0.10837438423645321 0.13793103448275862 0.4827586206896552 0.2315270935960591 0.03940886699507389 
0.23702830188679244 0.24410377358490565 0.4056603773584906 0.09905660377358491 0.014150943396226415 
0.012903225806451613 0.10967741935483871 0.5096774193548387 0.32903225806451614 0.03870967741935484 
0.027184466019417475 0.08737864077669903 0.625242718446602 0.23883495145631067 0.021359223300970873 
0.007125890736342043 0.00831353919239905 0.10451306413301663 0.37648456057007124 0.503562945368171 
0.018518518518518517 0.04938271604938271 0.4444444444444444 0.4444444444444444 0.043209876543209874 
0.10780370072405471 0.1745776347546259 0.39501206757843926 0.2855993563958166 0.03700724054706356 
0.14705882352941177 0.10294117647058823 0.5147058823529411 0.08823529411764706 0.14705882352941177 
***Attribute 2 distributions for all classes
0.05148095909732017 7.052186177715092E-4 0.010578279266572637 7.052186177715092E-4 0.3928067700987306 0.5380818053596615 0.005641748942172073 
0.03728070175438596 0.0021929824561403508 0.008771929824561403 0.0021929824561403508 0.4298245614035088 0.5131578947368421 0.006578947368421052 
0.01951219512195122 0.004878048780487805 0.004878048780487805 0.00975609756097561 0.23414634146341465 0.24878048780487805 0.47804878048780486 
0.07764705882352942 0.002352941176470588 0.03294117647058824 0.001176470588235294 0.47411764705882353 0.40588235294117647 0.0058823529411764705 
0.07006369426751592 0.012738853503184714 0.03184713375796178 0.012738853503184714 0.4394904458598726 0.4012738853503185 0.03184713375796178 
0.04448742746615087 0.0019342359767891683 0.005802707930367505 0.0019342359767891683 0.3520309477756286 0.5822050290135397 0.01160541586073501 
0.06516587677725119 0.002369668246445498 0.02962085308056872 0.001184834123222749 0.40639810426540285 0.4940758293838863 0.001184834123222749 
0.024390243902439025 0.012195121951219513 0.018292682926829267 0.006097560975609756 0.29878048780487804 0.6341463414634146 0.006097560975609756 
0.05943775100401606 0.0859437751004016 0.05301204819277108 0.02650602409638554 0.4923694779116466 0.2746987951807229 0.008032128514056224 
0.08571428571428572 0.014285714285714285 0.04285714285714286 0.02857142857142857 0.45714285714285713 0.35714285714285715 0.014285714285714285 
***Attribute 3 distributions for all classes
0.16666666666666666 0.2740112994350282 0.2951977401129944 0.21822033898305085 0.04590395480225989 
0.06167400881057269 0.24008810572687225 0.32599118942731276 0.29515418502202645 0.07709251101321586 
0.0049261083743842365 0.03940886699507389 0.13793103448275862 0.4630541871921182 0.35467980295566504 
0.009433962264150943 0.045990566037735846 0.1544811320754717 0.4669811320754717 0.3231132075471698 
0.012903225806451613 0.05161290322580645 0.1032258064516129 0.24516129032258063 0.5870967741935483 
0.1203883495145631 0.29902912621359223 0.2854368932038835 0.23495145631067962 0.06019417475728155 
0.19121140142517815 0.2862232779097387 0.28978622327790976 0.20902612826603326 0.023752969121140142 
0.06172839506172839 0.1728395061728395 0.2839506172839506 0.3888888888888889 0.09259259259259259 
0.006436041834271922 0.04827031375703942 0.15526950925181013 0.39742558326629124 0.3925985518905873 
0.014705882352941176 0.04411764705882353 0.19117647058823528 0.2647058823529412 0.4852941176470588 
***Attribute 4 distributions for all classes
0.23516949152542374 0.6581920903954802 0.06567796610169492 0.036016949152542374 0.0049435028248587575 
0.09691629955947137 0.6277533039647577 0.1211453744493392 0.13656387665198239 0.01762114537444934 
0.26108374384236455 0.5024630541871922 0.11330049261083744 0.10344827586206896 0.019704433497536946 
0.25943396226415094 0.5058962264150944 0.12382075471698113 0.09551886792452831 0.015330188679245283 
0.2064516129032258 0.6387096774193548 0.07741935483870968 0.04516129032258064 0.03225806451612903 
0.10485436893203884 0.6621359223300971 0.13398058252427184 0.08155339805825243 0.017475728155339806 
0.43942992874109266 0.47149643705463185 0.05938242280285035 0.026128266033254157 0.0035629453681710215 
0.19135802469135801 0.5987654320987654 0.10493827160493827 0.09259259259259259 0.012345679012345678 
0.1906677393403057 0.26387771520514886 0.09573612228479485 0.24215607401448108 0.2075623491552695 
0.16176470588235295 0.7058823529411765 0.04411764705882353 0.07352941176470588 0.014705882352941176 
***Attribute 5 distributions for all classes
0.21468926553672316 0.3940677966101695 0.13771186440677965 0.2528248587570621 7.062146892655367E-4 
0.18502202643171806 0.3898678414096916 0.16079295154185022 0.2599118942731278 0.004405286343612335 
0.014778325123152709 0.08374384236453201 0.09852216748768473 0.7881773399014779 0.014778325123152709 
0.0011792452830188679 0.08608490566037735 0.11084905660377359 0.7971698113207547 0.0047169811320754715 
0.025806451612903226 0.08387096774193549 0.11612903225806452 0.7677419354838709 0.0064516129032258064 
0.12815533980582525 0.35145631067961164 0.141747572815534 0.37281553398058254 0.005825242718446602 
0.26247030878859856 0.37173396674584325 0.08907363420427554 0.2755344418052256 0.0011876484560570072 
0.16666666666666666 0.3271604938271605 0.11728395061728394 0.38271604938271603 0.006172839506172839 
0.032180209171359615 0.10619469026548672 0.08849557522123894 0.6604987932421561 0.11263073209975864 
0.058823529411764705 0.11764705882352941 0.08823529411764706 0.7205882352941176 0.014705882352941176 
***Attribute 6 distributions for all classes
0.3048694424841214 0.2335920959774171 0.3323923782639379 0.08256880733944955 0.031051517290049402 0.015525758645024701 
0.27472527472527475 0.23956043956043957 0.3010989010989011 0.08571428571428572 0.05054945054945055 0.04835164835164835 
0.00980392156862745 0.06372549019607843 0.35294117647058826 0.22549019607843138 0.15196078431372548 0.19607843137254902 
0.011778563015312132 0.08716136631330977 0.5206124852767963 0.24734982332155478 0.10482921083627797 0.028268551236749116 
0.01282051282051282 0.04487179487179487 0.14743589743589744 0.23717948717948717 0.3269230769230769 0.23076923076923078 
0.2616279069767442 0.25775193798449614 0.2810077519379845 0.1124031007751938 0.06201550387596899 0.025193798449612403 
0.4365361803084223 0.18505338078291814 0.26334519572953735 0.06168446026097272 0.02372479240806643 0.02965599051008304 
0.1411042944785276 0.20245398773006135 0.3006134969325153 0.1901840490797546 0.07975460122699386 0.08588957055214724 
8.038585209003215E-4 0.002411575562700965 0.05064308681672026 0.07958199356913183 0.20096463022508038 0.6655948553054662 
0.028985507246376812 0.07246376811594203 0.3333333333333333 0.3188405797101449 0.14492753623188406 0.10144927536231885 
***Attribute 7 distributions for all classes
0.08668076109936575 0.2692036645525018 0.021846370683579985 0.03875968992248062 0.3671599718111346 0.07892882311486962 0.04933051444679352 0.08809020436927413 
0.5929978118161926 0.11597374179431072 0.10284463894967177 0.04157549234135667 0.0350109409190372 0.010940919037199124 0.07658643326039387 0.024070021881838075 
0.0825242718446602 0.3106796116504854 0.019417475728155338 0.10194174757281553 0.2621359223300971 0.11650485436893204 0.04854368932038835 0.05825242718446602 
0.07638072855464159 0.34782608695652173 0.011750881316098707 0.05875440658049354 0.40775558166862513 0.0564042303172738 0.01880141010575793 0.022326674500587545 
0.06329113924050633 0.13924050632911392 0.056962025316455694 0.16455696202531644 0.08860759493670886 0.13291139240506328 0.20253164556962025 0.1518987341772152 
0.02702702702702703 0.04054054054054054 0.06563706563706563 0.09266409266409266 0.023166023166023165 0.055984555984555984 0.49034749034749037 0.20463320463320464 
0.1893491124260355 0.2781065088757396 0.03431952662721893 0.04378698224852071 0.2106508875739645 0.054437869822485205 0.09230769230769231 0.0970414201183432 
0.09090909090909091 0.2787878787878788 0.024242424242424242 0.04242424242424243 0.3333333333333333 0.07272727272727272 0.06666666666666667 0.09090909090909091 
0.07945425361155699 0.3017656500802568 0.014446227929373997 0.08426966292134831 0.2953451043338684 0.08426966292134831 0.06741573033707865 0.07303370786516854 
0.22535211267605634 0.2676056338028169 0.056338028169014086 0.1267605633802817 0.2112676056338028 0.04225352112676056 0.04225352112676056 0.028169014084507043 
***Attribute 8 distributions for all classes
0.2028268551236749 0.3646643109540636 0.3561837455830389 0.07632508833922262 
0.5275938189845475 0.3443708609271523 0.12362030905077263 0.004415011037527594 
0.07920792079207921 0.17326732673267325 0.3811881188118812 0.36633663366336633 
0.06257378984651712 0.18772136953955135 0.39433293978748524 0.35537190082644626 
0.045454545454545456 0.16883116883116883 0.37662337662337664 0.4090909090909091 
0.08949416342412451 0.29961089494163423 0.4766536964980545 0.13424124513618677 
0.2497027348394768 0.3686087990487515 0.30439952437574314 0.07728894173602854 
0.18012422360248448 0.43478260869565216 0.3167701863354037 0.06832298136645963 
0.13526570048309178 0.28502415458937197 0.3252818035426731 0.25442834138486314 
0.029850746268656716 0.2835820895522388 0.3880597014925373 0.29850746268656714 
***Attribute 9 distributions for all classes
0.1333803810868031 0.31333803810868033 0.5017642907551164 0.022582921665490474 0.019760056457304165 0.009174311926605505 
0.013186813186813187 0.08571428571428572 0.7450549450549451 0.0945054945054945 0.054945054945054944 0.006593406593406593 
0.0196078431372549 0.03431372549019608 0.049019607843137254 0.03431372549019608 0.10294117647058823 0.7598039215686274 
0.001177856301531213 0.007067137809187279 0.028268551236749116 0.028268551236749116 0.06478209658421673 0.8704358068315665 
0.02564102564102564 0.10256410256410256 0.2692307692307692 0.07051282051282051 0.09615384615384616 0.4358974358974359 
0.031007751937984496 0.3062015503875969 0.5949612403100775 0.04263565891472868 0.01744186046511628 0.007751937984496124 
0.232502965599051 0.33451957295373663 0.3997627520759193 0.01542111506524318 0.011862396204033215 0.005931198102016607 
0.12269938650306748 0.3067484662576687 0.48466257668711654 0.04294478527607362 0.018404907975460124 0.024539877300613498 
0.04019292604501608 0.06270096463022508 0.12942122186495178 0.04581993569131833 0.11173633440514469 0.610128617363344 
0.057971014492753624 0.07246376811594203 0.10144927536231885 0.043478260869565216 0.08695652173913043 0.6376811594202898 
***Attribute 10 distributions for all classes
0.09527170077628794 0.3486238532110092 0.3676781933662668 0.1333803810868031 0.05010585744530699 0.004940014114326041 
0.01098901098901099 0.2021978021978022 0.4021978021978022 0.24615384615384617 0.12527472527472527 0.013186813186813187 
0.004901960784313725 0.04411764705882353 0.16666666666666666 0.20098039215686275 0.4215686274509804 0.16176470588235295 
0.001177856301531213 0.0447585394581861 0.18256772673733804 0.25206124852767964 0.43580683156654887 0.08362779740871613 
0.019230769230769232 0.01282051282051282 0.12179487179487179 0.15384615384615385 0.4166666666666667 0.27564102564102566 
0.01937984496124031 0.2655038759689923 0.39341085271317827 0.2131782945736434 0.10465116279069768 0.003875968992248062 
0.2111506524317912 0.40094899169632264 0.24555160142348753 0.08422301304863583 0.054567022538552785 0.0035587188612099642 
0.05521472392638037 0.2331288343558282 0.3312883435582822 0.22085889570552147 0.13496932515337423 0.024539877300613498 
0.008842443729903537 0.03938906752411576 0.1647909967845659 0.21141479099678456 0.43488745980707394 0.14067524115755628 
0.057971014492753624 0.043478260869565216 0.18840579710144928 0.2028985507246377 0.43478260869565216 0.07246376811594203 
***Attribute 11 distributions for all classes
0.0374029640084686 0.4206069160197601 0.20395201129146084 0.20112914608327453 0.08750882145377559 0.04940014114326041 
0.002197802197802198 0.017582417582417582 0.0945054945054945 0.35384615384615387 0.421978021978022 0.10989010989010989 
0.058823529411764705 0.5245098039215687 0.19117647058823528 0.16176470588235295 0.04411764705882353 0.0196078431372549 
0.0176678445229682 0.4958775029446408 0.23910482921083628 0.1896348645465253 0.04946996466431095 0.008244994110718492 
0.019230769230769232 0.24358974358974358 0.17307692307692307 0.34615384615384615 0.1858974358974359 0.03205128205128205 
0.003875968992248062 0.01744186046511628 0.06201550387596899 0.29069767441860467 0.4069767441860465 0.2189922480620155 
0.06998813760379596 0.36892052194543296 0.14472123368920523 0.16251482799525505 0.10794780545670225 0.14590747330960854 
0.012269938650306749 0.3803680981595092 0.2331288343558282 0.2147239263803681 0.12883435582822086 0.03067484662576687 
0.012861736334405145 0.47266881028938906 0.21061093247588425 0.21382636655948553 0.07315112540192927 0.016881028938906754 
0.014492753623188406 0.5652173913043478 0.13043478260869565 0.2028985507246377 0.057971014492753624 0.028985507246376812 
***Attribute 12 distributions for all classes
0.3274398868458274 0.297029702970297 0.3755304101838755 
0.5309734513274337 0.3672566371681416 0.10176991150442478 
0.5572139303482587 0.3681592039800995 0.07462686567164178 
0.5638297872340425 0.37115839243498816 0.06501182033096926 
0.41830065359477125 0.3006535947712418 0.28104575163398693 
0.4756335282651072 0.3489278752436647 0.17543859649122806 
0.3357142857142857 0.30357142857142855 0.3607142857142857 
0.36875 0.35625 0.275 
0.6986301369863014 0.2054794520547945 0.0958904109589041 
0.36363636363636365 0.4393939393939394 0.19696969696969696 
***Attribute 13 distributions for all classes
0.5141242937853108 0.22033898305084745 0.18714689265536724 0.07203389830508475 0.006355932203389831 
0.48237885462555063 0.2356828193832599 0.1894273127753304 0.08370044052863436 0.00881057268722467 
0.09852216748768473 0.07881773399014778 0.2413793103448276 0.2955665024630542 0.2857142857142857 
0.05070754716981132 0.10849056603773585 0.20754716981132076 0.3938679245283019 0.23938679245283018 
0.0967741935483871 0.0967741935483871 0.2129032258064516 0.33548387096774196 0.25806451612903225 
0.29320388349514565 0.21165048543689322 0.34368932038834954 0.12815533980582525 0.02330097087378641 
0.5 0.1995249406175772 0.2042755344418052 0.08788598574821853 0.00831353919239905 
0.43209876543209874 0.19135802469135801 0.2222222222222222 0.11728395061728394 0.037037037037037035 
0.08045052292839903 0.09814963797264682 0.17940466613032985 0.32019308125502816 0.32180209171359614 
0.10294117647058823 0.04411764705882353 0.14705882352941177 0.38235294117647056 0.3235294117647059 
***Attribute 14 distributions for all classes
0.6389280677009873 0.2524682651622003 0.028913963328631876 0.020451339915373765 0.02468265162200282 0.019746121297602257 0.014809590973201692 
0.6271929824561403 0.2631578947368421 0.06359649122807018 0.0021929824561403508 0.021929824561403508 0.019736842105263157 0.0021929824561403508 
0.6878048780487804 0.23902439024390243 0.00975609756097561 0.02926829268292683 0.004878048780487805 0.024390243902439025 0.004878048780487805 
0.3305882352941176 0.19176470588235295 0.10352941176470588 0.0058823529411764705 0.0988235294117647 0.12 0.14941176470588236 
0.554140127388535 0.3503184713375796 0.006369426751592357 0.025477707006369428 0.050955414012738856 0.006369426751592357 0.006369426751592357 
0.7098646034816247 0.21663442940038685 0.030947775628626693 0.013539651837524178 0.009671179883945842 0.015473887814313346 0.0038684719535783366 
0.6315165876777251 0.2476303317535545 0.016587677725118485 0.026066350710900472 0.017772511848341232 0.0533175355450237 0.0071090047393364926 
0.7317073170731707 0.1951219512195122 0.006097560975609756 0.012195121951219513 0.036585365853658534 0.012195121951219513 0.006097560975609756 
0.29397590361445786 0.4530120481927711 0.011244979919678716 0.001606425702811245 0.14859437751004015 0.04176706827309237 0.04979919678714859 
0.5 0.2 0.02857142857142857 0.014285714285714285 0.08571428571428572 0.11428571428571428 0.05714285714285714 
***Attribute 15 distributions for all classes
0.41978798586572436 0.33286219081272084 0.19434628975265017 0.053003533568904596 
0.02207505518763797 0.16114790286975716 0.4105960264900662 0.40618101545253865 
0.3712871287128713 0.3712871287128713 0.20297029702970298 0.054455445544554455 
0.3116883116883117 0.43565525383707204 0.19834710743801653 0.05430932703659976 
0.512987012987013 0.2857142857142857 0.17532467532467533 0.025974025974025976 
0.11867704280155641 0.3093385214007782 0.42996108949416345 0.14202334630350194 
0.37812128418549346 0.28418549346016647 0.20689655172413793 0.13079667063020214 
0.3105590062111801 0.33540372670807456 0.2360248447204969 0.11801242236024845 
0.2689210950080515 0.41304347826086957 0.250402576489533 0.06763285024154589 
0.2537313432835821 0.47761194029850745 0.208955223880597 0.05970149253731343 
***Attribute 16 distributions for all classes
0.5483415666901905 0.15172900494001412 0.13479181369089627 0.13549752999294284 0.025405786873676783 0.004234297812279464 
0.5868131868131868 0.20659340659340658 0.11428571428571428 0.07252747252747253 0.017582417582417582 0.002197802197802198 
0.0392156862745098 0.06372549019607843 0.11274509803921569 0.22549019607843138 0.3088235294117647 0.25 
0.043580683156654886 0.04946996466431095 0.09187279151943463 0.29328621908127206 0.3050647820965842 0.21672555948174324 
0.04487179487179487 0.02564102564102564 0.038461538461538464 0.15384615384615385 0.25 0.48717948717948717 
0.6472868217054264 0.19573643410852712 0.06782945736434108 0.07364341085271318 0.011627906976744186 0.003875968992248062 
0.6370106761565836 0.11862396204033215 0.0830367734282325 0.13641755634638197 0.021352313167259787 0.0035587188612099642 
0.5337423312883436 0.15950920245398773 0.17177914110429449 0.09815950920245399 0.024539877300613498 0.012269938650306749 
0.06430868167202572 0.05064308681672026 0.09485530546623794 0.29019292604501606 0.2684887459807074 0.2315112540192926 
0.08695652173913043 0.043478260869565216 0.11594202898550725 0.17391304347826086 0.34782608695652173 0.2318840579710145 
***Attribute 17 distributions for all classes
0.10578279266572638 0.11354019746121298 0.4315937940761636 0.27150916784203105 0.06558533145275035 0.009873060648801129 0.0021156558533145277 
0.021929824561403508 0.08114035087719298 0.5789473684210527 0.24342105263157895 0.046052631578947366 0.02631578947368421 0.0021929824561403508 
0.04390243902439024 0.06341463414634146 0.37073170731707317 0.2780487804878049 0.1073170731707317 0.1073170731707317 0.02926829268292683 
0.04941176470588235 0.06823529411764706 0.21176470588235294 0.2635294117647059 0.17882352941176471 0.14588235294117646 0.08235294117647059 
0.006369426751592357 0.01910828025477707 0.2484076433121019 0.37579617834394907 0.2802547770700637 0.06369426751592357 0.006369426751592357 
0.027079303675048357 0.1644100580270793 0.5183752417794971 0.21470019342359767 0.059961315280464215 0.009671179883945842 0.005802707930367505 
0.24170616113744076 0.2725118483412322 0.31516587677725116 0.11492890995260663 0.041469194312796206 0.013033175355450236 0.001184834123222749 
0.03048780487804878 0.07926829268292683 0.4573170731707317 0.31097560975609756 0.07926829268292683 0.024390243902439025 0.018292682926829267 
8.032128514056225E-4 0.018473895582329317 0.15502008032128514 0.3269076305220884 0.19518072289156627 0.1606425702811245 0.1429718875502008 
0.02857142857142857 0.04285714285714286 0.38571428571428573 0.32857142857142857 0.11428571428571428 0.07142857142857142 0.02857142857142857 
***Attribute 18 distributions for all classes
0.1166077738515901 0.2183745583038869 0.24593639575971732 0.41908127208480567 
0.7284768211920529 0.2185430463576159 0.039735099337748346 0.013245033112582781 
0.7128712871287128 0.2079207920792079 0.054455445544554455 0.024752475247524754 
0.6257378984651711 0.3140495867768595 0.05194805194805195 0.008264462809917356 
0.7532467532467533 0.18181818181818182 0.03896103896103896 0.025974025974025976 
0.8229571984435797 0.15953307392996108 0.007782101167315175 0.009727626459143969 
0.07728894173602854 0.18668252080856124 0.267538644470868 0.4684898929845422 
0.13043478260869565 0.2857142857142857 0.22981366459627328 0.35403726708074534 
0.5177133655394525 0.31561996779388085 0.0893719806763285 0.07729468599033816 
0.7164179104477612 0.16417910447761194 0.04477611940298507 0.07462686567164178 
***Attribute 19 distributions for all classes
0.1679604798870854 0.23429781227946367 0.3232180663373324 0.23429781227946367 0.030345800988002825 0.009880028228652082 
0.01978021978021978 0.0989010989010989 0.2175824175824176 0.4087912087912088 0.13846153846153847 0.11648351648351649 
0.20098039215686275 0.19607843137254902 0.2549019607843137 0.18137254901960784 0.10784313725490197 0.058823529411764705 
0.04946996466431095 0.0895170789163722 0.20965842167255594 0.31802120141342755 0.15312131919905772 0.18021201413427562 
0.019230769230769232 0.07692307692307693 0.391025641025641 0.40384615384615385 0.10256410256410256 0.00641025641025641 
0.09302325581395349 0.12209302325581395 0.3953488372093023 0.2868217054263566 0.07364341085271318 0.029069767441860465 
0.26453143534994067 0.2147093712930012 0.25029655990510086 0.20284697508896798 0.04744958481613286 0.020166073546856466 
0.03067484662576687 0.09815950920245399 0.36809815950920244 0.3987730061349693 0.06134969325153374 0.04294478527607362 
0.002411575562700965 0.016881028938906754 0.11495176848874598 0.4654340836012862 0.28135048231511256 0.1189710610932476 
0.057971014492753624 0.07246376811594203 0.18840579710144928 0.2463768115942029 0.2028985507246377 0.2318840579710145 
***Attribute 20 distributions for all classes
0.14911660777385158 0.511660777385159 0.2 0.1392226148409894 
0.052980132450331126 0.6269315673289183 0.24503311258278146 0.07505518763796909 
0.0297029702970297 0.5643564356435643 0.29207920792079206 0.11386138613861387 
0.23494687131050768 0.39669421487603307 0.20425029515938606 0.1641086186540732 
0.1038961038961039 0.5324675324675324 0.2662337662337662 0.09740259740259741 
0.10311284046692606 0.6206225680933852 0.2140077821011673 0.0622568093385214 
0.29607609988109396 0.5719381688466112 0.09512485136741974 0.036860879904875146 
0.062111801242236024 0.4409937888198758 0.2732919254658385 0.2236024844720497 
0.0426731078904992 0.3752012882447665 0.23429951690821257 0.34782608695652173 
0.11940298507462686 0.4925373134328358 0.2835820895522388 0.1044776119402985 
***Attribute 21 distributions for all classes
0.08409893992932863 0.2833922261484099 0.38303886925795055 0.24946996466431096 
0.04415011037527594 0.26048565121412803 0.35320088300220753 0.34216335540838855 
0.17326732673267325 0.5099009900990099 0.22277227722772278 0.09405940594059406 
0.14167650531286896 0.28689492325855964 0.3364817001180638 0.23494687131050768 
0.6103896103896104 0.2857142857142857 0.09090909090909091 0.012987012987012988 
0.08171206225680934 0.3035019455252918 0.37937743190661477 0.23540856031128404 
0.027348394768133173 0.1724137931034483 0.464922711058264 0.33531510107015455 
0.21739130434782608 0.4472049689440994 0.2484472049689441 0.08695652173913043 
0.13526570048309178 0.3663446054750403 0.4033816425120773 0.09500805152979067 
0.31343283582089554 0.4925373134328358 0.14925373134328357 0.04477611940298507 
***Attribute 22 distributions for all classes
0.09964664310954063 0.446643109540636 0.35335689045936397 0.10035335689045936 
0.004415011037527594 0.13245033112582782 0.48344370860927155 0.37969094922737306 
0.024752475247524754 0.3910891089108911 0.41089108910891087 0.17326732673267325 
0.07319952774498228 0.34710743801652894 0.4014167650531287 0.1782762691853601 
0.012987012987012988 0.07792207792207792 0.37662337662337664 0.5324675324675324 
0.007782101167315175 0.21206225680933852 0.5389105058365758 0.24124513618677043 
0.02140309155766944 0.29369797859690844 0.48989298454221164 0.19500594530321047 
0.062111801242236024 0.3416149068322981 0.422360248447205 0.17391304347826086 
0.001610305958132045 0.18518518518518517 0.5161030595813204 0.2971014492753623 
0.029850746268656716 0.2537313432835821 0.4626865671641791 0.2537313432835821 
***Attribute 23 distributions for all classes
0.08056537102473499 0.2911660777385159 0.25724381625441695 0.3710247349823322 
0.08388520971302428 0.2693156732891832 0.24503311258278146 0.40176600441501104 
0.37623762376237624 0.47029702970297027 0.1188118811881188 0.034653465346534656 
0.3695395513577332 0.4935064935064935 0.11570247933884298 0.021251475796930343 
0.6688311688311688 0.2012987012987013 0.05844155844155844 0.07142857142857142 
0.33852140077821014 0.44357976653696496 0.17315175097276264 0.04474708171206226 
0.07609988109393578 0.2294887039239001 0.20332936979785968 0.49108204518430437 
0.11180124223602485 0.20496894409937888 0.2111801242236025 0.4720496894409938 
0.2890499194847021 0.463768115942029 0.15780998389694043 0.0893719806763285 
0.23880597014925373 0.4925373134328358 0.14925373134328357 0.11940298507462686 
***Attribute 24 distributions for all classes
0.07339449541284404 0.2794636556104446 0.37473535638673255 0.19407198306280876 0.06704304869442484 0.011291460832745237 
0.07472527472527472 0.378021978021978 0.44395604395604393 0.0967032967032967 0.004395604395604396 0.002197802197802198 
0.03431372549019608 0.20588235294117646 0.45098039215686275 0.22058823529411764 0.08333333333333333 0.004901960784313725 
0.1248527679623086 0.2791519434628975 0.3934040047114252 0.1354534746760895 0.05771495877502945 0.009422850412249705 
0.00641025641025641 0.22435897435897437 0.5897435897435898 0.1346153846153846 0.038461538461538464 0.00641025641025641 
0.08914728682170543 0.5058139534883721 0.32170542635658916 0.07170542635658915 0.009689922480620155 0.001937984496124031 
0.04033214709371293 0.07354685646500593 0.2111506524317912 0.37722419928825623 0.29537366548042704 0.002372479240806643 
0.06748466257668712 0.3312883435582822 0.43558282208588955 0.12883435582822086 0.03067484662576687 0.006134969325153374 
0.011254019292604502 0.1712218649517685 0.5337620578778135 0.25482315112540194 0.028135048231511254 8.038585209003215E-4 
0.014492753623188406 0.2318840579710145 0.4057971014492754 0.17391304347826086 0.15942028985507245 0.014492753623188406 
***Attribute 25 distributions for all classes
0.5095541401273885 0.49044585987261147 
0.9423503325942351 0.057649667405764965 
0.825 0.175 
0.9952662721893492 0.004733727810650888 
0.993421052631579 0.006578947368421052 
0.97265625 0.02734375 
0.9761620977353993 0.023837902264600714 
0.9119496855345912 0.0880503144654088 
0.9991935483870967 8.064516129032258E-4 
0.9846153846153847 0.015384615384615385 
***Attribute 26 distributions for all classes
0.9992922859164898 7.077140835102619E-4 
0.9977827050997783 0.0022172949002217295 
0.99 0.01 
0.47337278106508873 0.5266272189349113 
0.993421052631579 0.006578947368421052 
0.998046875 0.001953125 
0.99880810488677 0.0011918951132300357 
0.9937106918238994 0.006289308176100629 
0.9983870967741936 0.0016129032258064516 
0.9692307692307692 0.03076923076923077 
***Attribute 27 distributions for all classes
0.9978768577494692 0.0021231422505307855 
0.9955654101995566 0.004434589800443459 
0.995 0.0050 
0.9988165680473373 0.001183431952662722 
0.993421052631579 0.006578947368421052 
0.681640625 0.318359375 
0.99880810488677 0.0011918951132300357 
0.9874213836477987 0.012578616352201259 
0.9983870967741936 0.0016129032258064516 
0.9846153846153847 0.015384615384615385 
***Attribute 28 distributions for all classes
0.9936305732484076 0.006369426751592357 
0.9955654101995566 0.004434589800443459 
0.995 0.0050 
0.9988165680473373 0.001183431952662722 
0.993421052631579 0.006578947368421052 
0.994140625 0.005859375 
0.33134684147794996 0.6686531585220501 
0.9937106918238994 0.006289308176100629 
0.9991935483870967 8.064516129032258E-4 
0.9846153846153847 0.015384615384615385 
***Attribute 29 distributions for all classes
0.9865534324133051 0.013446567586694975 
0.9977827050997783 0.0022172949002217295 
0.965 0.035 
0.9408284023668639 0.05917159763313609 
0.9802631578947368 0.019736842105263157 
0.994140625 0.005859375 
0.9952324195470799 0.004767580452920143 
0.9937106918238994 0.006289308176100629 
0.22258064516129034 0.7774193548387097 
0.9692307692307692 0.03076923076923077 