***Attribute 0 distributions for all classes
0.006299544147431135 0.04234859543682945 0.12614083211177599 0.6146723942606723 0.21053863404329126 
0.0022026431718061676 0.03964757709251102 0.29295154185022027 0.6321585903083702 0.03303964757709251 
0.006760159860407882 0.013520319720815764 0.1649610064043219 0.7309826690897177 0.08377584492473684 
0.005421290628993812 0.20710761340218622 0.20540915045777217 0.4606649096346008 0.12139703587644687 
0.0064516129032258064 0.0064516129032258064 0.03870967741935484 0.8838709677419355 0.06451612903225806 
0.006335071221208895 0.0582784728812322 0.151621345907177 0.6764824152561069 0.10728269473427514 
0.004067284243873403 0.05630762792003482 0.12894326331897954 0.6018403555031918 0.2088414690139205 
0.012345679012345678 0.012345679012345678 0.12345679012345678 0.7839506172839507 0.06790123456790123 
0.0020463994842048064 0.018047994301057815 0.09191750272890432 0.5653243518962601 0.3226637515895731 
0.014705882352941176 0.04411764705882353 0.1323529411764706 0.7058823529411765 0.10294117647058822 
***Attribute 1 distributions for all classes
0.05745784114470226 0.006866019898986444 0.02401952005594361 0.003665877986624966 0.37384500856562974 0.5264264702115916 0.007719262136521392 
0.03728070175438596 0.0021929824561403508 0.008771929824561403 0.0021929824561403508 0.4298245614035087 0.5131578947368421 0.006578947368421051 
0.04430636098228922 0.006664433994383686 0.011076590245572305 0.00891671173757875 0.3198928317304169 0.30458888370405895 0.30455418760570013 
0.06472798320809021 0.021810582883566097 0.04570712575167509 0.010391618841968929 0.4405070730062705 0.3891353020510037 0.027720314257425355 
0.07006369426751592 0.012738853503184714 0.03184713375796178 0.012738853503184714 0.4394904458598726 0.4012738853503185 0.03184713375796178 
0.048131787018563965 0.007083528265027236 0.010227091811020883 0.003923338784786616 0.35255799608229627 0.5624366990301869 0.015639559008118142 
0.05577179338597603 0.004659139389352919 0.029911549498677602 0.0021244274938502557 0.3723359723818893 0.5264984529081062 0.00869866494214781 
0.024390243902439025 0.012195121951219513 0.018292682926829267 0.006097560975609756 0.29878048780487804 0.6341463414634146 0.006097560975609756 
0.06942631335029217 0.06682715768158722 0.05319993291537251 0.025770233790646437 0.4579550996660348 0.31458764192605587 0.01223362067001099 
0.08571428571428572 0.014285714285714285 0.04285714285714286 0.02857142857142857 0.45714285714285713 0.35714285714285715 0.014285714285714285 
***Attribute 2 distributions for all classes
0.9780329609659856 0.016653264903395474 0.005313774130618997 
0.9823008849557522 0.01327433628318584 0.004424778761061947 
0.9794235398179185 0.013717640121387636 0.006858820060693818 
0.9803969048056961 0.01559345924308556 0.0040096359512183785 
0.9738562091503269 0.013071895424836603 0.013071895424836603 
0.9470024858009154 0.029711479458868907 0.023286034740215764 
0.984283925183871 0.014350585271809026 0.0013654895443200607 
0.60625 0.225 0.16875 
0.9773100801073528 0.019809942082612886 0.002879977810034404 
0.9545454545454546 0.030303030303030304 0.015151515151515152 
***Attribute 3 distributions for all classes
0.08598682195625706 0.382559439598588 0.312477963086551 0.16796838702317876 0.05100738833542513 
0.011013215859030838 0.30616740088105726 0.3744493392070485 0.23127753303964757 0.07709251101321586 
0.00676015986040788 0.04738436217754564 0.17172116626472975 0.37263095333340945 0.4015033583639072 
0.01819798997337702 0.08408076090718604 0.2253655989898408 0.33959403464037574 0.33276161548922045 
0.0064516129032258064 0.06451612903225806 0.11612903225806452 0.22580645161290322 0.5870967741935483 
0.04133718655969915 0.42057048392880203 0.2965981679901237 0.17858450372169624 0.06290965779967897 
0.09843296383167621 0.3909955894398253 0.30705134409568224 0.1641731085931578 0.03934699403965844 
0.006172839506172839 0.2345679012345679 0.3333333333333333 0.3333333333333333 0.09259259259259259 
0.011440433221333687 0.10766421581985186 0.2319031076475948 0.306965688647958 0.3420265546632617 
0.014705882352941176 0.058823529411764705 0.22058823529411764 0.22058823529411764 0.4852941176470588 
***Attribute 4 distributions for all classes
0.30159355124427767 0.24061661050745717 0.2843486591448119 0.09097441871950064 0.0321447044032181 0.05032205598073455 
0.27472527472527475 0.24395604395604395 0.2923076923076923 0.0901098901098901 0.05054945054945055 0.04835164835164835 
0.013423877345611403 0.06727541930465115 0.2873642563581395 0.23101534721384095 0.19472423779966247 0.20619686197809453 
0.07131500401657805 0.06517398651628206 0.3077248061711484 0.19852315998759895 0.1356574745588702 0.22160556874952228 
0.01282051282051282 0.04487179487179487 0.14743589743589744 0.23717948717948714 0.3269230769230769 0.23076923076923078 
0.26390713355665446 0.2573861497556157 0.29512394873770514 0.10326418165926181 0.049363580861924 0.030955005428838903 
0.35794307129824765 0.22578645357951876 0.2650492130030622 0.09057984547765144 0.024963445142242295 0.035677971499277636 
0.1411042944785276 0.2085889570552147 0.2883435582822086 0.19631901840490798 0.07975460122699386 0.08588957055214724 
0.036183864845951284 0.04755835329123722 0.11184278470490736 0.09583845628370201 0.16747300092418696 0.5411035399500151 
0.028985507246376812 0.07246376811594203 0.3188405797101449 0.3333333333333333 0.14492753623188406 0.10144927536231885 
***Attribute 5 distributions for all classes
0.44462818557521816 0.34710929992328154 0.14896865815541196 0.045361155236279246 0.013932701109809055 
0.05066079295154185 0.19823788546255505 0.3370044052863436 0.31938325991189426 0.0947136563876652 
0.040560959162447285 0.14878676008366382 0.3134315507145333 0.33219648048034317 0.16502424955901235 
0.09643722787479944 0.18498226440688056 0.3177039116205762 0.31140053805743884 0.08947605804030496 
0.05161290322580645 0.18064516129032257 0.1870967741935484 0.3419354838709677 0.23870967741935487 
0.1723277441443147 0.23979730741555694 0.21213458269593755 0.203887876952597 0.17185248879159387 
0.44884992572617766 0.35546743300975386 0.14299086785955495 0.042461788987651135 0.010229984416862436 
0.3888888888888889 0.3888888888888889 0.16049382716049382 0.055555555555555546 0.006172839506172839 
0.18673968168460964 0.25616673242713195 0.2853412630696022 0.21423929212198572 0.05751303069667063 
0.058823529411764705 0.19117647058823528 0.14705882352941177 0.36764705882352944 0.23529411764705882 
***Attribute 6 distributions for all classes
0.8135356050662864 0.18646439493371347 
0.2926829268292683 0.7073170731707317 
0.8018073651020287 0.19819263489797131 
0.826857032810515 0.173142967189485 
0.875 0.125 
0.7789169327417426 0.2210830672582575 
0.816760519752509 0.1832394802474911 
0.7924528301886793 0.20754716981132076 
0.8161236258260745 0.18387637417392552 
0.8307692307692308 0.16923076923076924 
***Attribute 7 distributions for all classes
0.38647922019533676 0.4856363763681461 0.09053259540944927 0.025316450497329605 0.012035357529738432 
0.06167400881057269 0.6607929515418502 0.22466960352422907 0.05066079295154185 0.0022026431718061676 
0.03165281793972089 0.06981282312108777 0.13495022458939573 0.14032132094377076 0.6232628134060249 
0.08787766624744407 0.08291563951652736 0.09257715159968521 0.16410442037398046 0.572525122262363 
0.06451612903225806 0.2064516129032258 0.16129032258064516 0.18064516129032257 0.3870967741935484 
0.22584343928208442 0.6076949343378718 0.12029001298723176 0.03422875207863894 0.011942861314173088 
0.4252666409710511 0.45365113341335445 0.0801374374785842 0.027074303838466613 0.013870484298543553 
0.3580246913580247 0.4814814814814815 0.1111111111111111 0.02469135802469136 0.02469135802469136 
0.14904484066553284 0.17324624690013654 0.1029860881126633 0.1735311572833637 0.40119166703830367 
0.07352941176470588 0.11764705882352941 0.10294117647058822 0.08823529411764706 0.6176470588235294 
***Attribute 8 distributions for all classes
0.20880010761688905 0.15473487850167894 0.25995829870737575 0.11583023100134315 0.08562399939041804 0.13337071988840868 0.04168176489388636 
0.01973684210526316 0.1162280701754386 0.618421052631579 0.1162280701754386 0.06798245614035088 0.05701754385964912 0.0043859649122807015 
0.031162291463924876 0.09968931221015076 0.2688296375185425 0.21680775485629414 0.1451044640148581 0.1959828597563295 0.04242368017990021 
0.06542082199827307 0.0673223633137632 0.3171832975785034 0.20856134046698796 0.18412693162760174 0.12126647440432056 0.03611877061055007 
0.012738853503184714 0.03184713375796178 0.16560509554140126 0.08917197452229299 0.12738853503184713 0.37579617834394907 0.19745222929936307 
0.07293104292342883 0.05516247177366026 0.13529543758793777 0.139989608606363 0.19325689178282576 0.33384620233097295 0.06951834499481147 
0.2358067399404931 0.15161139275852353 0.2518808501708634 0.11024555954079378 0.07498030765448854 0.12233405968376755 0.05314109025107015 
0.18292682926829268 0.11585365853658536 0.2682926829268293 0.1219512195121951 0.15853658536585366 0.1402439024390244 0.012195121951219513 
0.08554959555956532 0.09434470033813913 0.331873480022558 0.10693565598910884 0.16813469963433875 0.16079071519983232 0.05237115325645765 
0.07142857142857142 0.02857142857142857 0.24285714285714285 0.2714285714285714 0.11428571428571428 0.2571428571428571 0.014285714285714285 
***Attribute 9 distributions for all classes
0.09904664393398925 0.5660927375265583 0.21296875880126473 0.1059134656104964 0.015978394127691403 
0.0022026431718061676 0.18061674008810572 0.513215859030837 0.28854625550660795 0.015418502202643172 
0.09281047245684418 0.5897149867227474 0.27009017864286283 0.03607526697373885 0.01130909520380678 
0.053209255936239715 0.6557703399359098 0.22183000848332687 0.04027727048871505 0.028913125155808506 
0.025806451612903226 0.4645161290322581 0.36774193548387096 0.12903225806451613 0.012903225806451613 
0.02370570660086683 0.2516175705453755 0.3556800684095815 0.34674082795808464 0.022255826486091465 
0.11157227944161913 0.5452431276285286 0.20230089196730747 0.11158861293712415 0.02929508802542078 
0.043209876543209874 0.6049382716049383 0.2716049382716049 0.07407407407407407 0.006172839506172839 
0.052050311151162584 0.657320759406117 0.23035922877166817 0.05452903489861734 0.005740665772434951 
0.05882352941176471 0.7205882352941178 0.16176470588235298 0.04411764705882354 0.014705882352941178 
***Attribute 10 distributions for all classes
0.4377794107712659 0.389458855393181 0.13317134519649348 0.03959038863905967 
0.06622516556291391 0.2052980132450331 0.3399558498896248 0.3885209713024283 
0.4770706242571458 0.4115536131982829 0.1022809206382238 0.009094841906347432 
0.45698998877297425 0.44693598758307523 0.08260017852240398 0.01347384512154661 
0.37012987012987014 0.45454545454545453 0.14935064935064934 0.025974025974025976 
0.3221756327448455 0.45358139359436556 0.17777702005974086 0.04646595360104807 
0.4097580443325152 0.3959044736623022 0.14623648883807192 0.04810099316711078 
0.4968944099378882 0.37267080745341613 0.08695652173913043 0.043478260869565216 
0.4256085957552349 0.4608930204875021 0.0917267842280566 0.021771599529206407 
0.26865671641791045 0.417910447761194 0.22388059701492538 0.08955223880597014 
***Attribute 11 distributions for all classes
0.14501849168707356 0.31319204523853555 0.35012029593070165 0.1649426945510324 0.0267264725926568 
0.06387665198237887 0.41850220264317184 0.3898678414096916 0.11233480176211455 0.015418502202643174 
0.00903462753210733 0.07922690958133793 0.2127880706647008 0.3813493650920645 0.31760102712978944 
0.023196033451180566 0.08033308503086248 0.27299785141690514 0.39373232354898857 0.2297407065520632 
0.025806451612903226 0.07096774193548387 0.2967741935483871 0.41935483870967744 0.1870967741935484 
0.09454792641477802 0.28508249948460185 0.3963891613168203 0.20563785437133858 0.018342558412461327 
0.15101491368691203 0.30375361137874957 0.34714226981474977 0.17082145863048623 0.027267746489102296 
0.06172839506172839 0.29012345679012347 0.37037037037037035 0.24691358024691357 0.030864197530864196 
0.03226155775849388 0.10240736361318507 0.2642669112149293 0.37703803989340334 0.22402612751998854 
0.04411764705882353 0.04411764705882353 0.17647058823529413 0.5441176470588235 0.19117647058823528 
***Attribute 12 distributions for all classes
0.7375738133522575 0.16124081116482836 0.0040358997086255115 0.0664712449258722 0.030678230848416452 
0.6762114537444933 0.290748898678414 0.006607929515418501 0.015418502202643168 0.011013215859030836 
0.591609995466304 0.32966904018988186 0.00676015986040788 0.05616601709089108 0.01579478739251521 
0.3859107231979496 0.2975995142960445 0.03364909417448973 0.1368410918407646 0.14599957649075165 
0.567741935483871 0.3741935483870968 0.0064516129032258064 0.04516129032258064 0.0064516129032258064 
0.7531011054789434 0.1896571553710907 0.005570887423402207 0.032577971120054484 0.01909288060650934 
0.7270907395804889 0.15684372080166414 0.0042762459164239815 0.06639626550278059 0.04539302819864251 
0.7530864197530864 0.2037037037037037 0.006172839506172839 0.024691358024691357 0.012345679012345678 
0.4418944921290181 0.3454968389425372 0.004515769710404582 0.1403100906172276 0.06778280860081252 
0.5441176470588236 0.22058823529411767 0.014705882352941178 0.13235294117647062 0.08823529411764708 
***Attribute 13 distributions for all classes
0.14531101028882767 0.20785710761606477 0.00628979279737146 0.008995659326531001 0.45767164028346974 0.1738747896877354 
0.061538461538461535 0.3934065934065934 0.006593406593406593 0.030769230769230767 0.4593406593406593 0.04835164835164835 
0.14547734876965493 0.40092109977775703 0.0067119386728057015 0.013423877345611403 0.3682195855849962 0.06524614984917479 
0.2022020844633308 0.33521829578003004 0.04859476472632265 0.01242805550737963 0.337740296539554 0.06381650298338298 
0.18589743589743593 0.3846153846153847 0.006410256410256411 0.006410256410256411 0.3846153846153847 0.032051282051282055 
0.10695558981226357 0.2999775989998995 0.008737558295727685 0.01737797451144915 0.43722232446745096 0.1297289539132092 
0.15177844775075577 0.1925707047607229 0.007374552492931723 0.00935197279732601 0.44531357252371145 0.19361074967455216 
0.13496932515337423 0.3803680981595092 0.006134969325153374 0.012269938650306749 0.3987730061349693 0.06748466257668712 
0.24237880279618385 0.3955332965113236 0.006138093908170385 0.0159420127446993 0.29767863863440075 0.04232915540522214 
0.17391304347826086 0.4782608695652174 0.028985507246376812 0.028985507246376812 0.2608695652173913 0.028985507246376812 
***Attribute 14 distributions for all classes
0.07769652735954319 0.20725808901478848 0.3973346040295147 0.3177107795961536 
0.006622516556291391 0.141280353200883 0.5408388520971302 0.31125827814569534 
0.04075855147370106 0.10451858030662589 0.311366148995722 0.5433567192239511 
0.0684828086200181 0.23829211427533006 0.3694873595204804 0.3237377175841715 
0.025974025974025976 0.09090909090909091 0.3246753246753247 0.5584415584415584 
0.03189574829849375 0.17670833966843835 0.5025437802442342 0.28885213178883373 
0.07770955648320191 0.24354572705915972 0.39431688431532685 0.2844278321423116 
0.018633540372670808 0.09937888198757763 0.453416149068323 0.42857142857142855 
0.07097077669979189 0.20453834490387493 0.3966151679026116 0.3278757104937216 
0.01492537313432836 0.08955223880597016 0.3134328358208956 0.582089552238806 
***Attribute 15 distributions for all classes
0.46681711585482377 0.20484252262972227 0.2140730309289678 0.11426733058648622 
0.41942604856512133 0.304635761589404 0.17439293598233996 0.10154525386313468 
0.2066072299678641 0.22999324928105905 0.304316695780791 0.25908282497028584 
0.22741294953875868 0.23738367153525208 0.276967143147896 0.2582362357780931 
0.2792207792207792 0.2922077922077922 0.18831168831168832 0.24025974025974026 
0.35344861901264263 0.24340916085049807 0.2654754639352451 0.13766675620161412 
0.4941909641580691 0.18925484901586248 0.2032015091390084 0.11335267768706007 
0.32919254658385094 0.2670807453416149 0.2236024844720497 0.18012422360248448 
0.21562428305534856 0.18007657725308046 0.26161255355603363 0.3426865861355373 
0.22388059701492538 0.44776119402985076 0.16417910447761194 0.16417910447761194 
***Attribute 16 distributions for all classes
0.2737701752162347 0.30697340781639204 0.25244852588423133 0.11165193871424094 0.03622861102684203 0.018927341342058878 
0.17802197802197797 0.43296703296703287 0.2901098901098901 0.08791208791208789 0.00879120879120879 0.0021978021978021974 
0.013423877345611403 0.05408559082393097 0.20190427420225054 0.2768278276392722 0.26878961206541635 0.18496881792351844 
0.04861612670608693 0.09599299956925125 0.21469270164676046 0.2732994012660085 0.19470688007466952 0.17269189073722344 
0.019230769230769232 0.05128205128205128 0.1987179487179487 0.2948717948717949 0.27564102564102566 0.16025641025641027 
0.2718476511099731 0.3417295802882572 0.23753193978736564 0.11014894705822251 0.02692842976151929 0.011813451994662253 
0.31914018083908885 0.30688192123497066 0.22552290812421086 0.09774313825930957 0.03421928182796256 0.016492569714457596 
0.17791411042944785 0.32515337423312884 0.3312883435582822 0.12883435582822086 0.018404907975460124 0.018404907975460124 
0.05981905800162918 0.09230963805222393 0.19755804334983706 0.28771968595595926 0.19217028645588655 0.17042328818446406 
0.057971014492753624 0.10144927536231885 0.2608695652173913 0.43478260869565216 0.10144927536231885 0.043478260869565216 
***Attribute 17 distributions for all classes
0.18414242863558927 0.7916650100115818 0.020822044265809442 0.0033705170870194008 
0.09271523178807946 0.8807947019867549 0.02207505518763797 0.004415011037527594 
0.2298971137925663 0.6406335753386605 0.12266019637507436 0.006809114493698976 
0.168441090457122 0.757967121792908 0.06809963910247857 0.005492148647491428 
0.09740259740259742 0.8246753246753248 0.07142857142857144 0.006493506493506495 
0.12779933576304242 0.8369732020538795 0.0296624426959189 0.005565019487159271 
0.2207204420241607 0.7620223187961475 0.015514000071082987 0.001743239108609006 
0.09316770186335405 0.8695652173913044 0.031055900621118016 0.006211180124223603 
0.21942885762570039 0.6561758409393642 0.09968827943803404 0.024707021996901304 
0.04477611940298507 0.9104477611940298 0.029850746268656716 0.014925373134328358 
***Attribute 18 distributions for all classes
0.20928172738243395 0.06913756611385181 0.10446668489091793 0.2130138080605644 0.4041002135522319 
0.9030837004405287 0.02643171806167401 0.030837004405286344 0.01762114537444934 0.022026431718061675 
0.6135325111723224 0.1445540405137173 0.08832478026813576 0.06558010355114124 0.08800856449468339 
0.5672819504395734 0.13525729323730523 0.1163638061716803 0.1022702860431523 0.07882666410828873 
0.7935483870967742 0.1032258064516129 0.05161290322580645 0.03225806451612903 0.01935483870967742 
0.6678227389662676 0.0421683373054422 0.05244889712812918 0.10690177786298669 0.13065824873717422 
0.19390600083135495 0.07552371727188481 0.10223781568882344 0.2015093501937304 0.4268231160142065 
0.2777777777777778 0.06790123456790123 0.12962962962962962 0.2037037037037037 0.32098765432098764 
0.5203546839878084 0.10771295151968356 0.11747259741355048 0.12468020537451614 0.12977956170444152 
0.6323529411764706 0.11764705882352941 0.07352941176470588 0.058823529411764705 0.11764705882352941 
***Attribute 19 distributions for all classes
0.38481970378155705 0.33181427708279526 0.2833660191356477 
0.36725663716814155 0.38053097345132747 0.252212389380531 
0.09608843587325083 0.2517065856372313 0.6522049784895179 
0.1622098480869067 0.2592297770962647 0.5785603748168285 
0.12418300653594772 0.26143790849673204 0.6143790849673203 
0.2318549697165256 0.29055281229233443 0.47759221799113993 
0.3882752374989801 0.3459947638974575 0.26572999860356233 
0.41875 0.26875 0.3125 
0.2113157542628638 0.2449543782050612 0.5437298675320751 
0.13636363636363635 0.21212121212121213 0.6515151515151515 
***Attribute 20 distributions for all classes
0.0061247029700581814 0.015484279085585084 0.126230583262299 0.35355637058090394 0.4986040641011537 
0.0022026431718061676 0.00881057268722467 0.07929515418502205 0.2973568281938326 0.6123348017621145 
0.00676015986040788 0.01130909520380678 0.16925696912895885 0.27350302309899077 0.5391707527078357 
0.005955052364947849 0.06063370583167426 0.26126155270585194 0.2969328816539808 0.37521680744354524 
0.0064516129032258064 0.0064516129032258064 0.07096774193548387 0.2709677419354839 0.6451612903225806 
0.008717630628368639 0.013535854786865809 0.056496099097632056 0.221198392759879 0.7000520227272545 
0.0029008548649749493 0.01521227809826477 0.15436363013762108 0.3678312568400219 0.45969198005911727 
0.006172839506172839 0.006172839506172839 0.08024691358024691 0.2345679012345679 0.6728395061728395 
0.0028616672255425864 0.02339723413377902 0.2549266114007417 0.38459030618780776 0.3342241810521289 
0.014705882352941176 0.029411764705882353 0.058823529411764705 0.5441176470588235 0.35294117647058826 
***Attribute 21 distributions for all classes
0.29921312151211005 0.28573586732787476 0.4150510111600152 
0.6924778761061947 0.23008849557522118 0.07743362831858405 
0.11446522939981754 0.27461262252190227 0.6109221480782803 
0.1463141782617269 0.27979692736322526 0.5738888943750479 
0.08496732026143791 0.21568627450980393 0.6993464052287581 
0.22484231503141638 0.3165718100504789 0.45858587491810476 
0.31438532408184083 0.26967040336773007 0.4159442725504291 
0.4125 0.28125 0.30625 
0.17509405353215998 0.29074140408347915 0.5341645423843608 
0.13636363636363638 0.2272727272727273 0.6363636363636364 
***Attribute 22 distributions for all classes
0.05868261919964609 0.3634598765133891 0.4962112137285001 0.08164629055846472 
0.011037527593818985 0.2913907284768212 0.6445916114790288 0.052980132450331126 
0.10037973517954654 0.2709921394759921 0.5582993207390695 0.07032880460539181 
0.03060949209731591 0.20289718414184685 0.5762937862102777 0.19019953755055946 
0.01948051948051948 0.15584415584415584 0.6688311688311688 0.15584415584415584 
0.04880771164727428 0.3826138091079876 0.5061525429084428 0.062425936336295416 
0.033170780123236515 0.3088170888496383 0.5468390973958739 0.11117303363125125 
0.06832298136645963 0.391304347826087 0.4409937888198758 0.09937888198757763 
0.010275384460621482 0.23661250029147549 0.651494340692483 0.10161777455541998 
0.029850746268656716 0.373134328358209 0.5820895522388059 0.014925373134328358 
***Attribute 23 distributions for all classes
0.29495523014291863 0.23724508248268444 0.25781149850494967 0.19187836285749788 0.018109826011949496 
0.02643171806167401 0.14757709251101322 0.3127753303964758 0.42951541850220265 0.08370044052863436 
0.07916366642664746 0.1514406866835061 0.29593148404253294 0.42848075465084823 0.04498340819646524 
0.12084171058599295 0.09726676726992159 0.2509825645189993 0.4377226738775848 0.09318628374750137 
0.025806451612903226 0.11612903225806452 0.44516129032258067 0.4064516129032258 0.0064516129032258064 
0.14668774058265263 0.18211217278232392 0.30466700497108556 0.3386532624102666 0.027879819253671365 
0.4006785601052211 0.24734784182178582 0.21984832898178622 0.12455512624782102 0.007570142843385733 
0.055555555555555546 0.18518518518518517 0.2716049382716049 0.4382716049382716 0.04938271604938271 
0.05348121497583353 0.08025510830510658 0.29169233856759585 0.48848390924406393 0.08608742890740007 
0.11764705882352942 0.0735294117647059 0.2794117647058824 0.4852941176470589 0.04411764705882354 
***Attribute 24 distributions for all classes
0.9969270057437677 0.0030729942562323607 
0.9977827050997783 0.0022172949002217295 
0.967778571003629 0.03222142899637099 
0.7415870597354469 0.258412940264553 
0.993421052631579 0.006578947368421053 
0.9943602230714517 0.005639776928548352 
0.9947136956622472 0.0052863043377527775 
0.9937106918238994 0.006289308176100629 
0.9810104562415572 0.018989543758442733 
0.9692307692307692 0.030769230769230774 
***Attribute 25 distributions for all classes
0.9768732760648409 0.02312672393515913 
0.9977827050997783 0.0022172949002217295 
0.9470342276954806 0.052965772304519425 
0.7586594215103888 0.2413405784896112 
0.980263157894737 0.019736842105263157 
0.9911312115028766 0.008868788497123317 
0.9870512325887214 0.01294876741127863 
0.9937106918238994 0.006289308176100629 
0.40714732124623476 0.5928526787537652 
0.9692307692307692 0.030769230769230774 
***Attribute 26 distributions for all classes
0.9058295202539434 0.09417047974605659 
0.9955654101995566 0.004434589800443459 
0.9930907053760882 0.006909294623911794 
0.9874357360048011 0.012564263995198924 
0.993421052631579 0.006578947368421053 
0.9654392471804315 0.03456075281956847 
0.7679219451429667 0.23207805485703328 
0.9937106918238994 0.006289308176100629 
0.996285871999921 0.0037141280000789327 
0.9846153846153846 0.015384615384615384 
***Attribute 27 distributions for all classes
0.9901228258649016 0.00987717413509841 
0.9955654101995566 0.004434589800443459 
0.8918750867590775 0.10812491324092252 
0.974375729235266 0.02562427076473391 
0.993421052631579 0.006578947368421053 
0.8425227713509822 0.15747722864901784 
0.9884057867881257 0.011594213211874267 
0.9874213836477987 0.012578616352201259 
0.9975219210351661 0.002478078964833864 
0.9846153846153846 0.015384615384615384 
***Attribute 28 distributions for all classes
0.9951395220175524 0.004860477982447591 
0.8248337028824834 0.17516629711751666 
0.9930907053760882 0.006909294623911794 
0.9954630131703406 0.004536986829659467 
0.993421052631579 0.006578947368421053 
0.9943668052413407 0.0056331947586592546 
0.9939030565506918 0.006096943449308209 
0.9937106918238994 0.006289308176100629 
0.9971081762946332 0.002891823705366824 
0.9846153846153846 0.015384615384615384 
***Attribute 29 distributions for all classes
0.7273763887538771 0.27262361124612294 
0.9423503325942351 0.057649667405764965 
0.8777931465286454 0.12220685347135464 
0.9788570716234866 0.021142928376513475 
0.993421052631579 0.006578947368421053 
0.8807443363684907 0.11925566363150929 
0.8487873130176321 0.15121268698236798 
0.9119496855345911 0.08805031446540879 
0.9187415859984042 0.08125841400159584 
0.9846153846153846 0.015384615384615384 