***Attribute 0 distributions for all classes
0.006299544147431136 0.04461406950114636 0.14503783269511897 0.5935099196130124 0.21053863404329123 
0.00676015986040788 0.01352031972081576 0.1694466985930303 0.7264969769010093 0.08377584492473683 
0.005421290628993812 0.21164537792590019 0.229436328072721 0.4320999674959381 0.1213970358764469 
0.0064516129032258064 0.0064516129032258064 0.03870967741935484 0.8838709677419355 0.06451612903225806 
0.009259259259259259 0.009259259259259259 0.06481481481481481 0.8240740740740741 0.0925925925925926 
0.006335071221208895 0.0598853279576836 0.17464369726193218 0.6518532088249002 0.10728269473427514 
0.004067284243873402 0.05866761270483816 0.1549858953875861 0.5734377386497819 0.20884146901392045 
0.012345679012345678 0.012345679012345678 0.12962962962962962 0.7777777777777778 0.06790123456790123 
0.002046399484204806 0.018047994301057812 0.11448213779999576 0.5427597168251685 0.3226637515895731 
***Attribute 1 distributions for all classes
0.05745784114470227 0.006866019898986445 0.02401952005594361 0.0036658779866249663 0.37384500856562974 0.5264264702115916 0.0077192621365213925 
0.04430636098228922 0.006664433994383686 0.011076590245572305 0.008916711737578752 0.3198928317304169 0.30458888370405895 0.3045541876057002 
0.0647279832080902 0.021810582883566104 0.04570712575167509 0.010391618841968929 0.4405070730062705 0.3891353020510037 0.02772031425742536 
0.07006369426751592 0.012738853503184714 0.03184713375796178 0.012738853503184714 0.4394904458598726 0.4012738853503185 0.03184713375796178 
0.09090909090909091 0.02727272727272727 0.05454545454545454 0.00909090909090909 0.5727272727272728 0.20909090909090908 0.03636363636363636 
0.04813178701856395 0.007083528265027236 0.010227091811020881 0.003923338784786615 0.3525579960822963 0.5624366990301868 0.015639559008118142 
0.05577179338597602 0.004659139389352919 0.029911549498677605 0.0021244274938502553 0.3723359723818893 0.5264984529081062 0.00869866494214781 
0.024390243902439025 0.012195121951219513 0.018292682926829267 0.006097560975609756 0.29878048780487804 0.6341463414634146 0.006097560975609756 
0.06942631335029217 0.06682715768158722 0.05319993291537251 0.025770233790646437 0.45795509966603487 0.31458764192605587 0.012233620670010992 
***Attribute 2 distributions for all classes
0.9780329609659856 0.016653264903395477 0.005313774130618997 
0.9794235398179185 0.013717640121387634 0.006858820060693817 
0.9803969048056961 0.015593459243085559 0.0040096359512183785 
0.9738562091503269 0.013071895424836605 0.013071895424836605 
0.9528301886792453 0.03773584905660377 0.009433962264150943 
0.9470024858009154 0.029711479458868907 0.023286034740215768 
0.984283925183871 0.014350585271809024 0.0013654895443200607 
0.60625 0.225 0.16875 
0.9773100801073528 0.01980994208261289 0.0028799778100344034 
***Attribute 3 distributions for all classes
0.6177499960632878 0.2695295878473667 0.10128738169180632 0.011433034397539137 
0.16404362852397858 0.19804113324822703 0.397214368047189 0.2407008701806054 
0.2234679155167928 0.24898959215706298 0.3501459959513795 0.17739649637476468 
0.16883116883116883 0.2857142857142857 0.4090909090909091 0.13636363636363635 
0.12149532710280374 0.16822429906542058 0.36448598130841126 0.34579439252336447 
0.4907096438635348 0.3339492261955425 0.1625223851600169 0.01281874478090578 
0.6163634124682728 0.2652547172612201 0.10825433394407914 0.010127536326428087 
0.5031055900621119 0.27950310559006214 0.1987577639751553 0.01863354037267081 
0.2723476911426781 0.247279141968187 0.2999158223013556 0.18045734458777934 
***Attribute 4 distributions for all classes
0.08792403466455233 0.38062222689029274 0.312477963086551 0.16603991453783654 0.05293586082076738 
0.00676015986040788 0.04738436217754563 0.17172116626472975 0.35677292278620387 0.41736138891111285 
0.01819798997337702 0.08408076090718604 0.2253655989898408 0.33108039776845444 0.3412752523611417 
0.0064516129032258064 0.06451612903225806 0.11612903225806451 0.21935483870967742 0.5935483870967742 
0.009259259259259257 0.05555555555555554 0.17592592592592593 0.3425925925925926 0.4166666666666666 
0.04133718655969915 0.42057048392880203 0.2965981679901236 0.17377780009610072 0.0677163614252745 
0.09980910313108929 0.38961945014041227 0.30705134409568224 0.16338644699822338 0.04013365563459289 
0.006172839506172839 0.2345679012345679 0.3333333333333333 0.3148148148148148 0.1111111111111111 
0.012255700962671468 0.10684894807851407 0.23190310764759478 0.296695910743816 0.3522963325674036 
***Attribute 5 distributions for all classes
0.3015935512442776 0.2406166105074572 0.28628880489253006 0.0890342729717825 0.033751045641146254 0.04871571474280639 
0.013423877345611405 0.06727541930465117 0.30305145202411854 0.21532815154786197 0.20822613143357094 0.19269496834418604 
0.07131500401657806 0.06517398651628208 0.3121854264022848 0.19406253975646248 0.1416013995342109 0.21566164377418162 
0.01282051282051282 0.04487179487179487 0.14743589743589744 0.23717948717948717 0.3269230769230769 0.23076923076923078 
0.03669724770642202 0.009174311926605505 0.30275229357798167 0.3394495412844037 0.2018348623853211 0.11009174311926605 
0.26390713355665446 0.2573861497556157 0.2967276897539309 0.1016604406430361 0.0509500987513944 0.029368487539368514 
0.35794307129824765 0.22578645357951885 0.2666204088590511 0.08900864962166256 0.02671633149579848 0.03392508514572144 
0.1411042944785276 0.2085889570552147 0.294478527607362 0.1901840490797546 0.07975460122699386 0.08588957055214724 
0.03618386484595128 0.04755835329123722 0.1122551990764997 0.09542604191210967 0.1773316743545339 0.5312448665196683 
***Attribute 6 distributions for all classes
0.47694160700991356 0.3156049436968151 0.14815959294718292 0.045361155236279246 0.013932701109809053 
0.047321119022855164 0.1465122924119644 0.3089458585258249 0.3321964804803432 0.16502424955901235 
0.107902558313999 0.17449633281942029 0.3167245127688369 0.31140053805743884 0.08947605804030495 
0.05161290322580646 0.1806451612903226 0.18709677419354842 0.3419354838709678 0.23870967741935484 
0.06481481481481483 0.19444444444444445 0.39814814814814814 0.2685185185185186 0.07407407407407408 
0.18657701845566654 0.22711564444023746 0.21056697135990515 0.20388787695259702 0.17185248879159384 
0.4818071796904836 0.3236783936557548 0.14182265324924798 0.04246178898765113 0.010229984416862434 
0.4444444444444444 0.3333333333333333 0.16049382716049382 0.05555555555555555 0.006172839506172839 
0.2043735541033963 0.23853286000834517 0.2853412630696022 0.2142392921219857 0.057513030696670624 
***Attribute 7 distributions for all classes
0.15460671661539233 0.7107245112136157 0.09135188727524327 0.02757320290383984 0.015743681991909023 
0.01806925506421466 0.07442500161917716 0.09451575173632938 0.10841553038528796 0.7045744611949909 
0.03291856318177955 0.13343888169186197 0.07971348880511471 0.11086285623781551 0.6430662100834282 
0.025806451612903226 0.2903225806451613 0.14838709677419354 0.10967741935483871 0.4258064516129032 
0.018518518518518517 0.1388888888888889 0.05555555555555555 0.12962962962962962 0.6574074074074074 
0.06344989968787326 0.7699500427158796 0.12763390991080603 0.025430292898575253 0.013535854786865809 
0.18268818372922152 0.6916559231976348 0.08037476234878826 0.027712100431771816 0.01756903029258366 
0.1234567901234568 0.7407407407407408 0.0925925925925926 0.01851851851851852 0.02469135802469136 
0.05652467787649982 0.2673804849101244 0.0903256187889757 0.12412330359760007 0.46164591482679995 
***Attribute 8 distributions for all classes
0.061545216339599196 0.37726667991447765 0.32745363647311376 0.09207445173283876 0.12331412526626281 0.01834589027370776 
0.013501893633908474 0.4980877549769693 0.3585421819971493 0.06485606840768944 0.04261296664549888 0.0223991343387847 
0.01486235087764155 0.5058416796405388 0.3496413888042829 0.06902730169974476 0.0474484115019968 0.013178867475795358 
0.019230769230769235 0.1602564102564103 0.44871794871794873 0.22435897435897437 0.13461538461538464 0.012820512820512822 
0.009174311926605505 0.3853211009174312 0.3853211009174312 0.09174311926605505 0.11009174311926605 0.01834862385321101 
0.01569431454197254 0.11745494275123797 0.2492481968479819 0.1583300700520153 0.4283832645447119 0.03088921126208048 
0.07506795832847055 0.37490978057884 0.30654265826669397 0.0927709118453663 0.1212551205409323 0.02945357043969694 
0.03680981595092025 0.39263803680981596 0.3558282208588957 0.07975460122699386 0.12883435582822086 0.006134969325153374 
0.017167643530014706 0.44262813350110486 0.3686039517455664 0.09055782967848218 0.07163821612556256 0.009404225419269283 
***Attribute 9 distributions for all classes
0.2393100269350463 0.7606899730649538 
0.37575614254268547 0.6242438574573146 
0.3128385559804627 0.6871614440195374 
0.3355263157894737 0.6644736842105263 
0.4380952380952381 0.5619047619047619 
0.2775008594531204 0.7224991405468796 
0.25040384250140346 0.7495961574985966 
0.4088050314465409 0.5911949685534591 
0.3009517344944185 0.6990482655055816 
***Attribute 10 distributions for all classes
0.633918413155353 0.29243687003917 0.07364471680547696 
0.8900964914700554 0.10304468846925074 0.006858820060693817 
0.8025273728603227 0.17938689066850755 0.01808573647116968 
0.7647058823529411 0.20915032679738563 0.026143790849673203 
0.7452830188679245 0.2358490566037736 0.018867924528301886 
0.7302427077352195 0.22400974806442903 0.045747544200351445 
0.6261489693082192 0.2890760220791486 0.08477500861263232 
0.68125 0.25625 0.0625 
0.767885822456648 0.21110486767502146 0.02100930986833053 
***Attribute 11 distributions for all classes
0.7375738133522575 0.16124081116482836 0.0040358997086255115 0.06647124492587221 0.03067823084841645 
0.591609995466304 0.32966904018988186 0.00676015986040788 0.05616601709089108 0.01579478739251521 
0.3859107231979496 0.2975995142960445 0.033649094174489726 0.1368410918407646 0.14599957649075168 
0.567741935483871 0.3741935483870968 0.0064516129032258064 0.04516129032258064 0.0064516129032258064 
0.4444444444444444 0.4351851851851852 0.009259259259259259 0.10185185185185183 0.009259259259259259 
0.7531011054789433 0.18965715537109068 0.005570887423402207 0.032577971120054484 0.01909288060650934 
0.7270907395804889 0.15684372080166412 0.0042762459164239815 0.0663962655027806 0.04539302819864251 
0.7530864197530864 0.2037037037037037 0.006172839506172839 0.024691358024691357 0.012345679012345678 
0.4418944921290181 0.3454968389425372 0.004515769710404582 0.1403100906172276 0.06778280860081254 
***Attribute 12 distributions for all classes
0.14531101028882767 0.20785710761606482 0.0062897927973714594 0.008995659326531001 0.45767164028346974 0.17387478968773537 
0.1454773487696549 0.40092109977775686 0.006711938672805701 0.013423877345611401 0.3682195855849962 0.06524614984917476 
0.20220208446333082 0.33521829578003004 0.048594764726322646 0.01242805550737963 0.337740296539554 0.06381650298338298 
0.18589743589743593 0.3846153846153847 0.006410256410256411 0.006410256410256411 0.3846153846153847 0.032051282051282055 
0.1651376146788991 0.5504587155963303 0.009174311926605505 0.009174311926605505 0.23853211009174316 0.027522935779816512 
0.10695558981226354 0.2999775989998995 0.008737558295727683 0.01737797451144915 0.4372223244674509 0.1297289539132092 
0.15177844775075577 0.19257070476072286 0.00737455249293172 0.009351972797326009 0.44531357252371134 0.19361074967455214 
0.13496932515337423 0.3803680981595092 0.006134969325153374 0.012269938650306749 0.3987730061349693 0.06748466257668712 
0.24237880279618387 0.3955332965113236 0.006138093908170386 0.015942012744699304 0.29767863863440075 0.04232915540522214 
***Attribute 13 distributions for all classes
0.46681711585482366 0.20484252262972227 0.2140730309289677 0.1142673305864862 
0.2066072299678641 0.22999324928105908 0.304316695780791 0.25908282497028584 
0.22741294953875862 0.23738367153525208 0.27696714314789606 0.2582362357780932 
0.2792207792207792 0.2922077922077922 0.18831168831168832 0.24025974025974026 
0.04672897196261682 0.1588785046728972 0.19626168224299068 0.5981308411214953 
0.3534486190126427 0.24340916085049807 0.2654754639352451 0.13766675620161414 
0.4941909641580692 0.18925484901586248 0.20320150913900836 0.11335267768706007 
0.32919254658385094 0.2670807453416149 0.22360248447204972 0.18012422360248448 
0.2156242830553485 0.18007657725308046 0.2616125535560336 0.3426865861355374 
***Attribute 14 distributions for all classes
0.15763289458014285 0.2915371771368808 0.32364979300796604 0.13628232952348304 0.06329742778283141 0.027600377968695786 
0.006711938672805702 0.04284701551039008 0.17505651951102774 0.2719891258453488 0.30039805226226557 0.20299734819816212 
0.020668091463227466 0.09070811073173488 0.20803412100369678 0.23642421123467453 0.2474348295386869 0.1967306360279795 
0.019230769230769232 0.02564102564102564 0.1987179487179487 0.2692307692307692 0.3525641025641026 0.1346153846153846 
0.009174311926605505 0.027522935779816512 0.24770642201834864 0.28440366972477066 0.32110091743119273 0.11009174311926605 
0.11931393232853062 0.33586260508522203 0.3649228606224755 0.11347389263769833 0.045188193734332194 0.02123851559174125 
0.184737212332817 0.3315625934226523 0.283679777156946 0.12047219217352796 0.056613574468105464 0.022934650445951364 
0.0736196319018405 0.25766871165644173 0.3496932515337423 0.2269938650306748 0.06134969325153374 0.03067484662576687 
0.03211669297358809 0.07061041583605179 0.1993811792270935 0.21913521589432683 0.2685281334309809 0.2102283626379588 
***Attribute 15 distributions for all classes
0.1841424286355893 0.7916650100115818 0.020822044265809442 0.0033705170870194016 
0.22989711379256625 0.6406335753386605 0.12266019637507433 0.006809114493698976 
0.16844109045712197 0.757967121792908 0.06809963910247856 0.005492148647491427 
0.09740259740259742 0.8246753246753248 0.07142857142857144 0.006493506493506495 
0.028037383177570093 0.9065420560747663 0.056074766355140186 0.009345794392523364 
0.12779933576304242 0.8369732020538795 0.0296624426959189 0.005565019487159271 
0.22072044202416066 0.7620223187961472 0.015514000071082982 0.0017432391086090054 
0.09316770186335405 0.8695652173913044 0.031055900621118016 0.006211180124223603 
0.21942885762570033 0.6561758409393643 0.09968827943803406 0.024707021996901304 
***Attribute 16 distributions for all classes
0.20962580978082512 0.12076815672631913 0.26513040653879794 0.40447562695405787 
0.6178243689564222 0.195803473579825 0.0977575335571733 0.08861462390657948 
0.5691726900918211 0.19420159749980115 0.15737821538028843 0.0792474970280894 
0.7987012987012988 0.13636363636363638 0.04545454545454546 0.019480519480519484 
0.5794392523364486 0.2897196261682243 0.09345794392523364 0.037383177570093455 
0.6700666282129853 0.0766625369737777 0.12189025249163421 0.1313805823216027 
0.1942985055516248 0.13007418711878677 0.24835143152860426 0.4272758758009842 
0.2795031055900621 0.12422360248447205 0.2732919254658385 0.32298136645962733 
0.5213142008631049 0.17257289526652078 0.17596636768900292 0.1301465361813715 
***Attribute 17 distributions for all classes
0.006124702970058184 0.015484279085585091 0.11719509924678664 0.36130175683279103 0.49989416186477914 
0.00676015986040788 0.01130909520380678 0.16243356611386056 0.2713550417366723 0.5481421370852525 
0.0059550523649478495 0.06063370583167425 0.2502275079561004 0.30550393264206344 0.3776798012052142 
0.0064516129032258064 0.0064516129032258064 0.07096774193548387 0.2709677419354839 0.6451612903225806 
0.009259259259259259 0.009259259259259259 0.1111111111111111 0.3518518518518519 0.5185185185185185 
0.008717630628368637 0.013535854786865809 0.05253206675068125 0.22516242510682982 0.7000520227272545 
0.00290085486497495 0.015212278098264772 0.14338296748824797 0.3778291109874493 0.46067478856106314 
0.006172839506172839 0.006172839506172839 0.08024691358024691 0.22839506172839505 0.6790123456790124 
0.0028616672255425864 0.02339723413377902 0.23932180714481 0.39855435038017983 0.33586494111568854 
***Attribute 18 distributions for all classes
0.5100847731484809 0.3171851994306628 0.17273002742085627 
0.7917109564059838 0.1785241866486514 0.029764856945364807 
0.735989131565289 0.20420886162676866 0.05980200680794235 
0.7320261437908496 0.20261437908496732 0.06535947712418301 
0.6981132075471699 0.2547169811320755 0.04716981132075473 
0.7016370414984623 0.22871188494382125 0.06965107355771649 
0.4909968209887437 0.3186794315894981 0.19032374742175828 
0.43125 0.2875 0.28125 
0.6867020154225891 0.2399697350033742 0.07332824957403668 
***Attribute 19 distributions for all classes
0.5230581021084998 0.3237282806452051 0.15321361724629506 
0.3112038220161922 0.37995441018197385 0.308841767801834 
0.4168064509259521 0.324009944774485 0.25918360429956283 
0.06535947712418301 0.2679738562091503 0.6666666666666666 
0.12264150943396226 0.37735849056603776 0.5 
0.491683742953552 0.318063791066366 0.190252465980082 
0.5518778299190022 0.3048941900472884 0.1432279800337094 
0.30000000000000004 0.31875000000000003 0.38125000000000003 
0.34300896289269084 0.42352286433342756 0.23346817277388165 
***Attribute 20 distributions for all classes
0.5164240412800721 0.48357595871992787 
0.537110179070736 0.46288982092926406 
0.38630662012883393 0.613693379871166 
0.39473684210526316 0.6052631578947368 
0.48571428571428577 0.5142857142857142 
0.5960572560246739 0.4039427439753262 
0.473004729748441 0.5269952702515591 
0.5408805031446541 0.45911949685534587 
0.3301429205490768 0.6698570794509232 
***Attribute 21 distributions for all classes
0.29382249311076014 0.23837781951484294 0.2589440068339192 0.1907458545285283 0.018109826011949492 
0.07916366642664746 0.15144068668350613 0.2959314840425329 0.42848075465084823 0.04498340819646524 
0.12033751452780252 0.09777096332811203 0.25148676057718977 0.4372184778193944 0.09318628374750139 
0.025806451612903226 0.11612903225806451 0.44516129032258067 0.4064516129032258 0.0064516129032258064 
0.009259259259259259 0.009259259259259259 0.16666666666666666 0.8055555555555556 0.009259259259259259 
0.14512012924662027 0.1836797841183563 0.30623461630711796 0.3370856510742342 0.027879819253671365 
0.39911701469744704 0.24890938722956002 0.22101654359209313 0.1233869116375141 0.007570142843385734 
0.05555555555555555 0.18518518518518517 0.2777777777777778 0.43209876543209874 0.04938271604938271 
0.05348121497583353 0.08025510830510658 0.29334332321203954 0.4868329245996203 0.0860874289074001 
***Attribute 22 distributions for all classes
0.976873276064841 0.02312672393515913 
0.9470342276954806 0.052965772304519404 
0.7586594215103888 0.24134057848961124 
0.9802631578947368 0.019736842105263157 
0.9523809523809523 0.047619047619047616 
0.9911312115028768 0.008868788497123319 
0.9870512325887214 0.012948767411278627 
0.9937106918238994 0.00628930817610063 
0.40714732124623476 0.5928526787537652 
***Attribute 23 distributions for all classes
0.9058295202539434 0.0941704797460566 
0.9930907053760882 0.006909294623911793 
0.9874357360048011 0.012564263995198926 
0.993421052631579 0.006578947368421052 
0.9904761904761905 0.009523809523809525 
0.9654392471804316 0.03456075281956846 
0.7679219451429667 0.23207805485703328 
0.9937106918238994 0.00628930817610063 
0.9962858719999211 0.0037141280000789322 
***Attribute 24 distributions for all classes
0.9052663163359221 0.09473368366407789 
0.2165131774644536 0.7834868225355465 
0.8307770773010783 0.16922292269892172 
0.7697368421052632 0.2302631578947368 
0.7714285714285715 0.2285714285714286 
0.9451916966132541 0.0548083033867458 
0.9374132795585958 0.06258672044140426 
0.9811320754716981 0.018867924528301886 
0.8690581809912511 0.13094181900874896 
***Attribute 25 distributions for all classes
0.8177041546441853 0.18229584535581467 
0.8180332956551054 0.1819667043448946 
0.9491250769189643 0.05087492308103566 
0.993421052631579 0.006578947368421052 
0.8761904761904762 0.12380952380952381 
0.30208806033977986 0.6979119396602201 
0.8948187458893834 0.10518125411061671 
0.6163522012578616 0.3836477987421384 
0.9570816437216035 0.04291835627839649 
***Attribute 26 distributions for all classes
0.9425170152238284 0.057482984776171656 
0.684283518749876 0.3157164812501239 
0.3800141529777296 0.6199858470222703 
0.6381578947368421 0.3618421052631579 
0.5428571428571428 0.4571428571428572 
0.9636788441294861 0.03632115587051392 
0.9584061101190161 0.041593889880983975 
0.8867924528301887 0.11320754716981132 
0.7032727591078765 0.2967272408921236 
***Attribute 27 distributions for all classes
0.9988676464099524 0.0011323535900475635 
0.9930907053760882 0.006909294623911793 
0.9412351281020656 0.058764871897934494 
0.993421052631579 0.006578947368421052 
0.9904761904761905 0.009523809523809525 
0.9959729643971116 0.004027035602888365 
0.9771368860765353 0.02286311392346478 
0.9937106918238994 0.00628930817610063 
0.9979356657756991 0.002064334224300905 
***Attribute 28 distributions for all classes
0.993041546472656 0.006958453527344054 
0.9930907053760882 0.006909294623911793 
0.9964749853770755 0.0035250146229245764 
0.993421052631579 0.006578947368421052 
0.9904761904761905 0.009523809523809525 
0.9871011226473542 0.012898877352645785 
0.9954758633784414 0.004524136621558652 
0.6226415094339622 0.37735849056603776 
0.9954609751120321 0.004539024887967946 
***Attribute 29 distributions for all classes
0.4700931430496861 0.01364668152634336 0.30843204272138586 0.0017524399980280599 0.0050437724853657955 0.001429794075283853 0.0017312008196248142 0.015784832484842148 0.15376119069751962 0.00673660653981229 0.021588295602107847 
0.6402977492243581 0.006481259747836863 0.0492021377355362 0.19456871807586182 0.015025435345376729 0.010753347546606796 0.010753347546606796 0.019297523144146664 0.006481259747836863 0.006481259747836863 0.04065796213799633 
0.5150893989746372 0.004332486265364819 0.019906551513391504 0.01645837681070825 0.25581981539010434 0.006249051020571043 0.006196710945551849 0.007130768698905611 0.01151040727059563 0.0033486823213388583 0.1539577507888308 
0.2484472049689441 0.006211180124223602 0.006211180124223602 0.006211180124223602 0.006211180124223602 0.6956521739130435 0.006211180124223602 0.006211180124223602 0.006211180124223602 0.006211180124223602 0.006211180124223602 
0.5263157894736841 0.008771929824561401 0.008771929824561401 0.008771929824561401 0.008771929824561401 0.008771929824561401 0.39473684210526305 0.008771929824561401 0.008771929824561401 0.008771929824561401 0.008771929824561401 
0.47218082302470277 0.01592960326093686 0.1313145975547075 0.003844901304784584 0.005399815252233653 0.003844901304784584 0.003844901304784584 0.28070530798176313 0.04881180929509923 0.025613696569071573 0.008509643147131794 
0.495039459539562 0.017220706795739258 0.16021299442807332 0.0020974674315700275 0.007032855377144102 0.0017053833244275796 0.001675677947560921 0.011619502086154148 0.28930388518959155 0.0020974674315700275 0.011994600448607094 
0.6190476190476192 0.005952380952380954 0.005952380952380954 0.005952380952380954 0.005952380952380954 0.005952380952380954 0.005952380952380954 0.005952380952380954 0.005952380952380954 0.32738095238095244 0.005952380952380954 
0.4173845356706783 0.004409074403213712 0.08808171745254137 0.002815737448660028 0.02730858401647306 0.003619890237689944 0.004409074403213712 0.002815737448660028 0.01399154906579504 0.0036049216141837972 0.43155917823889106 