***Attribute 0 distributions for all classes
0.0062932422578850485 0.044577501924645234 0.12245374513104698 0.1356784765098719 0.48069137058128847 0.21030566359526248 
0.006711938672805703 0.013423877345611407 0.16389596048578395 0.09841576177171796 0.6342777816002626 0.08327468012381845 
0.005384981502204233 0.21100563204083742 0.19831340861450314 0.11399160049292849 0.3503233558981621 0.12098102145136466 
0.00641025641025641 0.00641025641025641 0.038461538461538464 0.038461538461538464 0.8461538461538461 0.0641025641025641 
0.0063005988581413255 0.05967972894115533 0.14867317770115035 0.12819237397856378 0.5503645652957532 0.10678955522523603 
0.004050096366958946 0.058462717745307584 0.1246364419817061 0.15424554464888457 0.44997349351691535 0.2086317057402275 
0.012269938650306749 0.012269938650306749 0.12269938650306747 0.11042944785276074 0.6748466257668712 0.06748466257668712 
0.0020405007257834925 0.018005738129406024 0.09007074310763864 0.12452936893450788 0.44327875848124215 0.32207489062142186 
0.014492753623188406 0.043478260869565216 0.13043478260869565 0.057971014492753624 0.6521739130434783 0.10144927536231885 
***Attribute 1 distributions for all classes
0.05745784114470227 0.006866019898986445 0.024019520055943613 0.003665877986624967 0.37384500856562974 0.5264264702115916 0.007719262136521392 
0.044306360982289225 0.0066644339943836865 0.011076590245572306 0.00891671173757875 0.3198928317304169 0.304588883704059 0.3045541876057002 
0.06472798320809023 0.0218105828835661 0.04570712575167509 0.010391618841968929 0.44050707300627057 0.3891353020510038 0.027720314257425365 
0.07006369426751591 0.01273885350318471 0.031847133757961776 0.01273885350318471 0.43949044585987257 0.4012738853503184 0.031847133757961776 
0.04813178701856395 0.007083528265027237 0.010227091811020881 0.003923338784786616 0.3525579960822963 0.5624366990301869 0.015639559008118142 
0.055771793385976036 0.004659139389352919 0.029911549498677605 0.0021244274938502553 0.37233597238188926 0.5264984529081062 0.008698664942147808 
0.024390243902439025 0.012195121951219513 0.018292682926829267 0.006097560975609756 0.29878048780487804 0.6341463414634146 0.006097560975609756 
0.06942631335029219 0.06682715768158723 0.053199932915372526 0.025770233790646437 0.4579550996660348 0.3145876419260559 0.012233620670010993 
0.08571428571428572 0.014285714285714285 0.04285714285714286 0.02857142857142857 0.45714285714285713 0.35714285714285715 0.014285714285714285 
***Attribute 2 distributions for all classes
0.9780329609659856 0.016653264903395477 0.005313774130618998 
0.9794235398179185 0.013717640121387636 0.006858820060693818 
0.9803969048056961 0.01559345924308556 0.004009635951218378 
0.9738562091503269 0.013071895424836603 0.013071895424836603 
0.9470024858009154 0.029711479458868904 0.023286034740215768 
0.984283925183871 0.014350585271809027 0.0013654895443200605 
0.60625 0.22499999999999998 0.16875 
0.9773100801073527 0.01980994208261288 0.0028799778100344025 
0.9545454545454546 0.030303030303030304 0.015151515151515152 
***Attribute 3 distributions for all classes
0.617749996063288 0.26952958784736675 0.10128738169180633 0.011433034397539137 
0.16404362852397858 0.19804113324822706 0.397214368047189 0.2407008701806054 
0.22346791551679282 0.24898959215706298 0.3501459959513796 0.17739649637476465 
0.16883116883116883 0.2857142857142857 0.4090909090909091 0.13636363636363635 
0.4907096438635348 0.33394922619554257 0.1625223851600169 0.01281874478090578 
0.6163634124682729 0.2652547172612201 0.10825433394407913 0.010127536326428085 
0.5031055900621119 0.27950310559006214 0.1987577639751553 0.01863354037267081 
0.2723476911426781 0.24727914196818698 0.2999158223013556 0.18045734458777937 
0.1940298507462687 0.1940298507462687 0.4328358208955224 0.17910447761194032 
***Attribute 4 distributions for all classes
0.08792403466455233 0.3806222268902928 0.31247796308655096 0.16603991453783648 0.05293586082076738 
0.0067601598604078795 0.04738436217754564 0.17172116626472975 0.35677292278620387 0.4173613889111128 
0.01819798997337702 0.08408076090718604 0.2253655989898408 0.33108039776845444 0.34127525236114176 
0.0064516129032258064 0.06451612903225806 0.11612903225806452 0.21935483870967745 0.5935483870967742 
0.04133718655969915 0.4205704839288021 0.2965981679901236 0.17377780009610072 0.06771636142527448 
0.09980910313108927 0.3896194501404122 0.3070513440956822 0.16338644699822338 0.04013365563459289 
0.006172839506172839 0.2345679012345679 0.3333333333333333 0.3148148148148148 0.11111111111111112 
0.012255700962671466 0.10684894807851407 0.2319031076475948 0.296695910743816 0.35229633256740356 
0.014705882352941176 0.058823529411764705 0.22058823529411764 0.22058823529411764 0.4852941176470588 
***Attribute 5 distributions for all classes
0.30159355124427767 0.24061661050745714 0.28628880489253006 0.08903427297178249 0.032144704403218094 0.05032205598073453 
0.013423877345611407 0.06727541930465117 0.30305145202411854 0.21532815154786195 0.19472423779966244 0.20619686197809456 
0.07131500401657806 0.06517398651628208 0.31268902858997094 0.1935589375687764 0.13565747455887023 0.22160556874952234 
0.01282051282051282 0.04487179487179487 0.14743589743589744 0.23717948717948717 0.3269230769230769 0.23076923076923078 
0.2639071335566544 0.25738614975561575 0.2967276897539309 0.1016604406430361 0.049363580861924 0.03095500542883891 
0.3579430712982476 0.22578645357951876 0.26681632308883 0.0888127353918837 0.02496344514224229 0.03567797149927763 
0.1411042944785276 0.2085889570552147 0.294478527607362 0.1901840490797546 0.07975460122699386 0.08588957055214724 
0.03618386484595128 0.04755835329123722 0.1122551990764997 0.09542604191210967 0.16747300092418693 0.5411035399500151 
0.028985507246376812 0.07246376811594203 0.3333333333333333 0.3188405797101449 0.14492753623188406 0.10144927536231885 
***Attribute 6 distributions for all classes
0.44462818557521805 0.3479183651315106 0.14815959294718292 0.045361155236279246 0.013932701109809058 
0.040560959162447285 0.15327245227237227 0.3089458585258249 0.3321964804803432 0.16502424955901235 
0.09643722787479941 0.18596166325861987 0.3167245127688369 0.31140053805743884 0.08947605804030495 
0.05161290322580646 0.1806451612903226 0.18709677419354842 0.3419354838709678 0.23870967741935484 
0.1723277441443147 0.2413649187515893 0.21056697135990515 0.20388787695259702 0.17185248879159384 
0.4488499257261777 0.3566356476200607 0.14182265324924798 0.042461788987651135 0.010229984416862434 
0.3888888888888889 0.3888888888888889 0.16049382716049382 0.05555555555555556 0.006172839506172839 
0.18673968168460964 0.2561667324271319 0.2853412630696022 0.21423929212198575 0.05751303069667062 
0.058823529411764705 0.19117647058823528 0.14705882352941177 0.36764705882352944 0.23529411764705882 
***Attribute 7 distributions for all classes
0.1546067166153923 0.7107245112136157 0.09135188727524328 0.02757320290383984 0.015743681991909023 
0.018069255064214657 0.07442500161917714 0.09451575173632938 0.10841553038528796 0.7045744611949908 
0.03291856318177955 0.13343888169186197 0.0797134888051147 0.11086285623781551 0.6430662100834282 
0.025806451612903226 0.2903225806451613 0.14838709677419354 0.10967741935483873 0.4258064516129032 
0.06344989968787326 0.7699500427158796 0.12763390991080606 0.025430292898575256 0.013535854786865809 
0.1826881837292215 0.6916559231976348 0.08037476234878826 0.02771210043177182 0.01756903029258366 
0.12345679012345681 0.7407407407407408 0.0925925925925926 0.01851851851851852 0.02469135802469136 
0.056524677876499806 0.26738048491012445 0.09032561878897569 0.12412330359760004 0.4616459148268 
0.058823529411764705 0.14705882352941177 0.058823529411764705 0.08823529411764706 0.6470588235294118 
***Attribute 8 distributions for all classes
0.06154521633959919 0.3772666799144777 0.32745363647311376 0.09207445173283876 0.12331412526626281 0.018345890273707758 
0.013501893633908475 0.4980877549769692 0.3585421819971493 0.06485606840768945 0.042612966645498886 0.0223991343387847 
0.01486235087764155 0.5058416796405387 0.34964138880428286 0.06902730169974476 0.04744841150199679 0.013178867475795357 
0.019230769230769235 0.1602564102564103 0.4487179487179488 0.2243589743589744 0.13461538461538464 0.012820512820512822 
0.01569431454197254 0.11745494275123795 0.2492481968479819 0.1583300700520153 0.4283832645447118 0.03088921126208048 
0.07506795832847053 0.3749097805788399 0.30654265826669397 0.0927709118453663 0.12125512054093228 0.029453570439696933 
0.03680981595092025 0.39263803680981596 0.3558282208588957 0.07975460122699386 0.12883435582822086 0.006134969325153374 
0.01716764353001471 0.4426281335011048 0.3686039517455664 0.0905578296784822 0.07163821612556256 0.009404225419269283 
0.014492753623188406 0.4927536231884058 0.34782608695652173 0.057971014492753624 0.07246376811594203 0.014492753623188406 
***Attribute 9 distributions for all classes
0.633918413155353 0.29243687003917 0.07364471680547696 
0.8900964914700554 0.10304468846925072 0.006858820060693817 
0.8025273728603228 0.17938689066850755 0.018085736471169685 
0.7647058823529411 0.20915032679738563 0.026143790849673203 
0.7302427077352195 0.22400974806442905 0.045747544200351445 
0.6261489693082192 0.28907602207914856 0.0847750086126323 
0.68125 0.25625 0.0625 
0.767885822456648 0.21110486767502148 0.02100930986833053 
0.5151515151515151 0.42424242424242425 0.06060606060606061 
***Attribute 10 distributions for all classes
0.14531101028882765 0.2078571076160648 0.006289792797371461 0.008995659326531001 0.45767164028346974 0.17387478968773534 
0.14547734876965496 0.400921099777757 0.006711938672805703 0.013423877345611407 0.3682195855849962 0.06524614984917479 
0.2022020844633308 0.33521829578003004 0.04859476472632265 0.01242805550737963 0.33774029653955395 0.06381650298338298 
0.18589743589743593 0.3846153846153847 0.006410256410256411 0.006410256410256411 0.3846153846153847 0.032051282051282055 
0.10695558981226355 0.2999775989998995 0.008737558295727685 0.01737797451144915 0.4372223244674509 0.12972895391320924 
0.15177844775075575 0.19257070476072294 0.007374552492931724 0.00935197279732601 0.44531357252371145 0.19361074967455216 
0.13496932515337423 0.3803680981595092 0.006134969325153374 0.012269938650306749 0.3987730061349693 0.06748466257668712 
0.24237880279618385 0.3955332965113236 0.006138093908170385 0.0159420127446993 0.29767863863440075 0.042329155405222134 
0.17391304347826086 0.4782608695652174 0.028985507246376812 0.028985507246376812 0.2608695652173913 0.028985507246376812 
***Attribute 11 distributions for all classes
0.4668171158548237 0.2048425226297223 0.21407303092896782 0.11426733058648623 
0.2066072299678641 0.22999324928105902 0.304316695780791 0.25908282497028584 
0.22741294953875868 0.23738367153525214 0.27696714314789606 0.2582362357780932 
0.2792207792207792 0.2922077922077922 0.18831168831168832 0.24025974025974026 
0.35344861901264263 0.2434091608504981 0.2654754639352452 0.13766675620161414 
0.4941909641580691 0.18925484901586248 0.2032015091390084 0.11335267768706009 
0.32919254658385094 0.2670807453416149 0.2236024844720497 0.18012422360248448 
0.21562428305534856 0.18007657725308043 0.26161255355603363 0.3426865861355374 
0.22388059701492538 0.44776119402985076 0.16417910447761194 0.16417910447761194 
***Attribute 12 distributions for all classes
0.2917545048678021 0.7082454951321979 
0.11287375810577666 0.8871262418942233 
0.2856060036368511 0.7143939963631489 
0.07894736842105263 0.9210526315789473 
0.23541593888551246 0.7645840611144874 
0.3240890376757788 0.6759109623242211 
0.12578616352201258 0.8742138364779874 
0.2639764384290673 0.7360235615709326 
0.046153846153846156 0.9538461538461539 
***Attribute 13 distributions for all classes
0.7409381854108866 0.15222219884307303 0.006615600699205722 0.06422759357121831 0.035996421475616304 
0.695603076817574 0.22567595883861188 0.00676015986040788 0.056166017090891085 0.015794787392515212 
0.40526204685636574 0.26476033549070954 0.0410937723362919 0.13337802650212732 0.15550581881450554 
0.6129032258064516 0.32903225806451614 0.0064516129032258064 0.04516129032258064 0.0064516129032258064 
0.7761211157628414 0.1579056528550652 0.011127913243045734 0.03335601652161984 0.021489301617427754 
0.7297653813381157 0.1450051683969264 0.00795048809831058 0.06699486955150417 0.050284092615143064 
0.7839506172839507 0.1728395061728395 0.006172839506172839 0.024691358024691357 0.012345679012345678 
0.4493208051885963 0.33312467869009366 0.004515769710404582 0.13870711103678587 0.07433163537411953 
0.4852941176470589 0.2794117647058824 0.014705882352941178 0.13235294117647062 0.08823529411764708 
***Attribute 14 distributions for all classes
0.15747189824808144 0.20227359995128805 0.003056754046362112 0.409180176671089 0.13726378485842627 0.06321110164561282 0.027542684579140293 
0.006664433994383686 0.02008570121835257 0.006664433994383686 0.19644485593233707 0.2703080252817667 0.29838644588568286 0.20144610369309357 
0.020551780991311105 0.056206807748389674 0.01744590346216255 0.2254015101525177 0.23772067048345108 0.24669198120603866 0.19598134595612934 
0.01910828025477707 0.012738853503184714 0.006369426751592357 0.21019108280254778 0.267515923566879 0.3503184713375796 0.1337579617834395 
0.11874404848814823 0.23177213717950207 0.004723658286113956 0.46561541831385667 0.11302527671164593 0.04500093107852989 0.021118529942203305 
0.1845206309501139 0.2346146291280645 0.006992381770555025 0.373374489257558 0.12107795416704724 0.05654675792939574 0.022873156797265638 
0.07317073170731707 0.14634146341463414 0.006097560975609756 0.45121951219512196 0.23170731707317074 0.06097560975609757 0.030487804878048783 
0.03200026151575084 0.045150566077728944 0.0020346410189332267 0.2241936281838467 0.21874495282485085 0.268079092741123 0.20979685763776645 
0.02857142857142857 0.08571428571428572 0.014285714285714285 0.2571428571428571 0.34285714285714286 0.21428571428571427 0.05714285714285714 
***Attribute 15 distributions for all classes
0.1841424286355893 0.7916650100115817 0.020822044265809442 0.003370517087019401 
0.22989711379256628 0.6406335753386604 0.12266019637507436 0.006809114493698976 
0.168441090457122 0.757967121792908 0.06809963910247857 0.005492148647491427 
0.09740259740259742 0.8246753246753248 0.07142857142857144 0.006493506493506495 
0.12779933576304237 0.8369732020538794 0.029662442695918893 0.005565019487159271 
0.22072044202416066 0.7620223187961475 0.015514000071082983 0.0017432391086090058 
0.09316770186335405 0.8695652173913044 0.03105590062111802 0.006211180124223603 
0.21942885762570039 0.6561758409393643 0.09968827943803404 0.024707021996901307 
0.04477611940298507 0.9104477611940298 0.029850746268656716 0.014925373134328358 
***Attribute 16 distributions for all classes
0.20962580978082515 0.12076815672631916 0.265130406538798 0.4044756269540578 
0.6178243689564222 0.19580347357982497 0.09775753355717329 0.08861462390657947 
0.569172690091821 0.1942015974998012 0.15737821538028843 0.0792474970280894 
0.7987012987012988 0.13636363636363638 0.04545454545454546 0.019480519480519484 
0.6700666282129855 0.07666253697377771 0.1218902524916342 0.13138058232160274 
0.19429850555162484 0.13007418711878677 0.24835143152860426 0.4272758758009842 
0.2795031055900621 0.12422360248447206 0.2732919254658385 0.32298136645962733 
0.5213142008631049 0.17257289526652078 0.17596636768900292 0.13014653618137154 
0.6417910447761194 0.16417910447761194 0.07462686567164178 0.11940298507462686 
***Attribute 17 distributions for all classes
0.0061247029700581814 0.015484279085585088 0.11719509924678663 0.36130175683279103 0.4998941618647792 
0.0067601598604078795 0.011309095203806779 0.16243356611386053 0.2713550417366723 0.5481421370852525 
0.005955052364947847 0.060633705831674246 0.2502275079561003 0.3055039326420633 0.3776798012052141 
0.0064516129032258064 0.0064516129032258064 0.07096774193548387 0.2709677419354839 0.6451612903225806 
0.00871763062836864 0.01353585478686581 0.052532066750681256 0.22516242510682982 0.7000520227272545 
0.0029008548649749498 0.015212278098264772 0.14338296748824797 0.37782911098744926 0.4606747885610631 
0.006172839506172839 0.006172839506172839 0.08024691358024691 0.22839506172839505 0.6790123456790124 
0.0028616672255425864 0.023397234133779022 0.23932180714481 0.39855435038017983 0.3358649411156885 
0.014705882352941176 0.029411764705882353 0.058823529411764705 0.5294117647058824 0.36764705882352944 
***Attribute 18 distributions for all classes
0.510084773148481 0.3171851994306628 0.17273002742085627 
0.7917109564059838 0.1785241866486514 0.02976485694536481 
0.7359891315652891 0.20420886162676857 0.059802006807942336 
0.7320261437908496 0.20261437908496732 0.06535947712418301 
0.7016370414984623 0.22871188494382125 0.0696510735577165 
0.4909968209887437 0.318679431589498 0.19032374742175828 
0.4312500000000001 0.2875 0.28125 
0.6867020154225891 0.23996973500337418 0.07332824957403668 
0.7575757575757576 0.16666666666666666 0.07575757575757576 
***Attribute 19 distributions for all classes
0.5164240412800721 0.4835759587199279 
0.5371101790707359 0.46288982092926406 
0.38630662012883393 0.613693379871166 
0.39473684210526316 0.6052631578947368 
0.5960572560246737 0.4039427439753262 
0.4730047297484409 0.5269952702515591 
0.5408805031446541 0.4591194968553459 
0.33014292054907685 0.6698570794509232 
0.6 0.4 
***Attribute 20 distributions for all classes
0.2949552301429185 0.23724508248268442 0.26796012508257516 0.17931173828451594 0.02052782400730581 
0.07916366642664747 0.15144068668350613 0.30496611157464026 0.4126227241036426 0.051806811211563594 
0.12084171058599297 0.09726676726992158 0.2620100059687043 0.4096099721547539 0.11027154402062732 
0.025806451612903226 0.11612903225806452 0.4516129032258065 0.3935483870967742 0.012903225806451613 
0.14668774058265263 0.1821121727823239 0.32696207519759607 0.3107873047603539 0.03345070667707357 
0.4006785601052211 0.24734784182178582 0.22649858220900035 0.11575488689179855 0.009720128972194054 
0.05555555555555556 0.18518518518518517 0.2777777777777778 0.4259259259259259 0.05555555555555556 
0.05348121497583353 0.08025510830510658 0.30853849914727866 0.45436948840233243 0.10335568916944873 
0.11764705882352942 0.0735294117647059 0.2941176470588236 0.4705882352941177 0.04411764705882354 
***Attribute 21 distributions for all classes
0.9768732760648409 0.02312672393515913 
0.9470342276954806 0.05296577230451941 
0.7586594215103887 0.24134057848961118 
0.9802631578947368 0.019736842105263157 
0.9911312115028766 0.008868788497123315 
0.9870512325887214 0.012948767411278629 
0.9937106918238994 0.006289308176100629 
0.4071473212462347 0.5928526787537653 
0.9692307692307692 0.03076923076923077 
***Attribute 22 distributions for all classes
0.9058295202539434 0.09417047974605658 
0.9930907053760882 0.006909294623911794 
0.9874357360048012 0.012564263995198926 
0.993421052631579 0.006578947368421052 
0.9654392471804316 0.03456075281956846 
0.7679219451429667 0.23207805485703328 
0.9937106918238994 0.006289308176100629 
0.9962858719999211 0.003714128000078932 
0.9846153846153847 0.015384615384615385 
***Attribute 23 distributions for all classes
0.9052663163359221 0.09473368366407786 
0.2165131774644536 0.7834868225355465 
0.8307770773010783 0.16922292269892172 
0.7697368421052632 0.23026315789473684 
0.9451916966132542 0.05480830338674581 
0.9374132795585958 0.06258672044140426 
0.981132075471698 0.018867924528301883 
0.8690581809912511 0.13094181900874893 
0.8 0.2 
***Attribute 24 distributions for all classes
0.8177041546441853 0.18229584535581464 
0.8180332956551054 0.1819667043448946 
0.9491250769189643 0.05087492308103566 
0.993421052631579 0.006578947368421052 
0.3020880603397798 0.6979119396602201 
0.8948187458893834 0.10518125411061671 
0.6163522012578616 0.3836477987421384 
0.9570816437216035 0.04291835627839648 
0.876923076923077 0.12307692307692308 
***Attribute 25 distributions for all classes
0.9425170152238284 0.057482984776171656 
0.684283518749876 0.3157164812501239 
0.38001415297772967 0.6199858470222703 
0.6381578947368421 0.3618421052631579 
0.963678844129486 0.0363211558705139 
0.958406110119016 0.041593889880983975 
0.8867924528301887 0.11320754716981134 
0.7032727591078765 0.2967272408921235 
0.4307692307692308 0.5692307692307692 
***Attribute 26 distributions for all classes
0.9988676464099525 0.0011323535900475635 
0.9930907053760882 0.006909294623911794 
0.9412351281020654 0.05876487189793448 
0.993421052631579 0.006578947368421052 
0.9959729643971116 0.004027035602888367 
0.9771368860765353 0.022863113923464785 
0.9937106918238994 0.006289308176100629 
0.9979356657756991 0.002064334224300905 
0.9846153846153847 0.015384615384615385 
***Attribute 27 distributions for all classes
0.9862396495119197 0.013760350488080336 
0.96772919269439 0.03227080730561009 
0.9798108744872781 0.020189125512721902 
0.993421052631579 0.006578947368421052 
0.9895219990944717 0.01047800090552831 
0.9927213818512635 0.007278618148736539 
0.9937106918238994 0.006289308176100629 
0.9834887145067596 0.016511285493240414 
0.16923076923076924 0.8307692307692308 
***Attribute 28 distributions for all classes
0.993041546472656 0.0069584535273440554 
0.9930907053760882 0.006909294623911794 
0.9964749853770754 0.0035250146229245756 
0.993421052631579 0.006578947368421052 
0.9871011226473543 0.012898877352645785 
0.9954758633784413 0.004524136621558655 
0.6226415094339622 0.37735849056603776 
0.995460975112032 0.004539024887967946 
0.9846153846153847 0.015384615384615385 
***Attribute 29 distributions for all classes
0.4696126674681155 0.01363318236648127 0.30806603435315 0.0017493979965763629 0.005029755760143717 0.0014269224254281133 0.001726135685504861 0.01574328210234672 0.15366650473794075 0.006713898663315109 0.02089445159995712 0.0017377668410406121 
0.6362116858362542 0.006437101394808248 0.0488215945164627 0.19345606741152718 0.01491400001913914 0.010675550706973694 0.010675550706973694 0.019152449331304586 0.006437101394808248 0.006437101394808248 0.04034469589213181 0.006437101394808248 
0.5131854428444639 0.004311417693216555 0.019780566423343377 0.01634182878544705 0.25538020794823657 0.006217794511106325 0.006160846089135151 0.007087666406808208 0.011450416202759247 0.0033304571131906697 0.15342289886910226 0.0033304571131906697 
0.24691358024691354 0.006172839506172837 0.006172839506172837 0.006172839506172837 0.006172839506172837 0.6913580246913579 0.006172839506172837 0.006172839506172837 0.006172839506172837 0.006172839506172837 0.006172839506172837 0.006172839506172837 
0.4703555972158514 0.015830247590683164 0.13071582581564437 0.0038258776915764217 0.0053746213455832335 0.0038258776915764217 0.0038258776915764217 0.279978682338029 0.04846111742663467 0.02550828884767179 0.008472108653596858 0.0038258776915764217 
0.49434813925068793 0.017190818741667384 0.16007883171549225 0.002090959800771937 0.006991122976251492 0.0016990827074136185 0.0016666853144888837 0.011582307634598289 0.2889980961449602 0.002090959800771937 0.011563913205482536 0.0016990827074136185 
0.6153846153846153 0.005917159763313608 0.005917159763313608 0.005917159763313608 0.005917159763313608 0.005917159763313608 0.005917159763313608 0.005917159763313608 0.005917159763313608 0.32544378698224846 0.005917159763313608 0.005917159763313608 
0.41658048468746645 0.004395044459603395 0.08775291135604783 0.0028077428723018074 0.02722665517777858 0.0036095715203229664 0.004395044459603395 0.0028077428723018074 0.013943387546524017 0.003593215811582236 0.43008863421853627 0.002799565017931442 
0.7200000000000002 0.01333333333333334 0.01333333333333334 0.01333333333333334 0.01333333333333334 0.01333333333333334 0.01333333333333334 0.01333333333333334 0.01333333333333334 0.01333333333333334 0.01333333333333334 0.14666666666666672 